ID	RewardPoint
1	20
2	20
3	20
4	25
5	25
6	30
7	30
8	15
9	15
10	15
11	15
12	15
13	15
14	15
15	20
16	20
17	25
18	25
19	30
20	35
21	40
22	15
23	15
24	15
26	15
27	15
28	15
29	20
30	25
31	25
32	25
33	30
35	25
36	25
37	25
38	25
41	25
42	25
43	25
44	25
46	25
47	25
48	25
49	25
50	25
51	25
53	25
54	25
55	25
56	25
62	25
63	25
65	25
66	25
67	25
68	35
69	35
70	35
71	35
72	35
73	20
74	25
75	20
76	20
77	20
78	20
79	20
80	20
81	20
82	20
83	20
84	20
85	20
86	25
87	25
88	25
89	25
90	30
91	30
99	25
100	30
101	30
102	35
103	40
104	15
128	25
129	30
130	35
131	20
132	25
133	15
135	15
136	30
137	15
138	15
139	15
140	15
141	15
142	25
143	30
144	25
146	25
147	15
148	15
151	25
152	40
153	20
154	40
155	40
156	25
157	20
158	15
159	25
160	20
161	15
162	20
163	20
164	25
165	15
166	15
167	15
168	15
169	40
170	20
171	20
172	25
173	30
174	25
175	40
176	25
177	30
178	40
179	20
180	20
181	15
182	25
183	35
185	20
186	25
187	25
189	25
190	25
191	20
192	25
193	25
194	25
195	35
203	25
207	25
208	25
209	25
211	25
212	20
213	25
214	30
215	25
216	45
217	30
218	15
219	15
220	15
221	15
222	15
223	15
224	15
225	40
226	25
227	25
228	25
229	25
230	25
231	25
232	25
234	25
235	25
236	25
237	25
238	25
239	25
240	25
242	15
243	20
244	20
245	25
246	30
247	15
248	20
249	20
250	25
251	30
252	15
253	20
254	20
255	20
256	25
257	30
258	15
259	20
260	20
261	20
262	25
263	30
264	30
265	30
266	30
267	15
268	20
269	20
270	20
271	20
272	25
273	30
274	30
275	30
276	15
277	20
278	20
279	20
280	25
293	30
300	35
302	45
303	35
304	35
305	35
306	35
307	25
308	25
309	25
310	25
311	25
312	30
313	25
314	25
315	25
316	25
317	25
318	30
320	20
321	20
323	20
325	25
326	20
327	25
328	20
329	25
330	25
331	25
332	20
333	20
334	20
335	25
336	25
337	25
338	25
339	25
340	25
341	25
342	25
343	25
344	25
345	25
346	20
347	20
348	20
349	20
350	20
351	20
352	20
353	20
354	20
355	20
356	20
357	20
358	20
359	20
360	20
361	20
362	25
363	25
364	25
365	25
366	45
367	25
368	25
369	35
370	45
371	20
372	25
373	35
374	35
375	20
376	25
377	25
378	25
379	25
380	25
381	35
382	20
383	20
384	20
385	35
386	25
387	25
388	25
389	25
390	30
391	30
392	30
393	30
394	20
395	25
396	30
397	25
398	25
399	35
400	15
401	15
402	15
403	15
404	15
405	25
406	30
408	20
409	15
410	20
411	20
412	20
413	20
414	20
415	20
416	20
417	20
418	20
419	20
420	20
421	20
422	20
423	20
424	20
425	20
426	20
427	20
428	25
429	25
430	25
431	25
432	25
433	25
435	25
437	15
438	15
439	15
440	20
441	15
442	15
443	15
444	25
445	15
446	15
447	15
448	15
449	20
450	20
451	20
452	20
453	20
454	45
456	20
457	20
458	20
459	20
460	20
461	20
462	20
463	20
464	20
465	25
466	25
467	25
468	25
469	25
470	20
471	25
472	30
473	20
474	25
475	30
476	20
477	25
478	30
479	20
480	20
481	20
482	20
483	20
484	25
485	25
486	20
487	20
488	20
489	20
490	20
491	30
492	20
493	20
494	15
495	35
496	15
497	30
498	35
499	30
500	25
501	25
502	55
503	30
504	30
505	30
506	30
507	30
508	30
509	30
510	30
511	30
512	30
514	20
515	35
516	35
517	50
518	45
519	35
520	45
521	20
522	20
523	20
524	20
525	20
526	20
527	20
528	25
529	35
530	30
531	30
532	25
533	25
534	25
535	25
536	25
537	25
538	25
539	25
540	20
541	20
542	35
543	25
544	30
545	35
546	25
547	30
548	35
549	25
550	30
551	35
552	20
553	25
554	25
555	25
556	25
557	30
558	35
559	35
560	40
561	40
562	40
563	25
564	30
565	35
566	20
567	20
568	20
569	25
570	30
571	30
572	35
573	30
575	15
576	20
577	15
578	15
579	30
580	30
595	15
596	20
597	20
598	20
599	15
600	15
601	15
603	40
604	40
605	40
606	40
607	40
609	40
610	40
611	40
612	40
614	40
615	40
616	40
617	40
618	40
619	40
620	40
621	40
622	40
623	40
624	40
625	40
626	40
627	40
628	40
629	40
630	40
631	40
632	40
633	40
634	40
647	20
668	15
672	15
673	15
674	15
675	15
676	15
677	15
678	15
679	15
681	20
682	20
683	25
684	25
685	25
687	25
688	20
689	20
690	20
691	20
692	20
693	20
694	20
695	20
696	40
705	15
706	15
707	15
708	15
709	15
710	15
711	15
712	20
713	15
719	15
730	15
731	20
732	25
733	30
734	30
735	30
736	25
737	25
738	25
739	30
741	30
743	25
744	30
745	30
746	35
747	35
748	35
749	35
750	45
751	30
753	30
754	35
755	25
756	20
757	20
758	20
761	15
762	15
764	20
765	15
766	15
767	15
769	20
770	20
772	15
781	30
782	25
783	25
784	25
785	25
786	20
787	20
788	15
789	30
793	40
796	25
797	25
798	30
799	35
800	35
801	40
803	25
804	25
805	30
806	35
810	25
813	30
814	30
819	30
820	30
821	30
822	30
823	30
824	25
825	20
826	20
827	20
828	20
830	20
832	20
833	20
834	20
835	20
836	15
837	20
838	15
839	20
840	25
841	25
842	35
844	35
845	35
846	35
847	35
848	35
850	35
853	35
854	35
863	25
864	40
866	40
867	40
868	40
869	40
870	40
871	40
872	40
873	40
885	40
886	40
887	40
888	40
889	40
890	35
891	35
897	40
898	40
899	40
900	40
901	40
902	40
905	40
906	40
907	40
908	40
910	40
911	40
912	40
913	40
914	40
915	40
916	40
918	40
919	40
920	40
921	40
922	25
923	20
924	25
926	25
938	20
939	20
940	20
941	20
1060	15
1061	15
1062	15
1086	0
1088	0
1089	0
1090	0
1093	35
1094	25
1095	25
1096	30
1097	35
1098	40
1099	45
1103	15
1104	40
1105	40
1106	40
1126	30
1127	30
1128	30
1129	20
1131	30
1132	30
1133	30
1134	30
1135	45
1138	20
1139	20
1140	20
1141	20
1144	30
1145	30
1146	30
1147	30
1163	20
1164	0
1167	30
1168	30
1169	30
1171	20
1180	20
1186	25
1199	15
1200	15
1201	20
1202	25
1203	15
1204	30
1210	0
1211	0
1212	0
1213	20
1217	0
1220	25
1221	25
1222	30
1223	25
1225	25
1226	20
1227	30
1228	25
1229	30
1230	30
1231	35
1232	25
1238	25
1239	25
1240	30
1241	35
1242	20
1243	20
1244	20
1245	30
1246	25
1247	20
1248	25
1252	20
1254	15
1269	25
1270	15
1271	20
1272	40
1279	40
1280	30
1281	30
1283	30
1284	40
1285	40
1286	40
1287	40
1288	40
1289	20
1290	25
1291	30
1292	35
1295	20
1296	35
1297	20
1299	25
1300	25
1301	40
1305	15
1312	20
1314	30
1316	20
1317	20
1337	25
1338	15
1339	20
1345	20
1346	30
1347	20
1351	40
1352	15
1354	15
1355	20
1356	20
1359	25
1360	25
1362	25
1365	35
1366	15
1369	30
1376	30
1381	15
1386	25
1390	35
1391	20
1392	15
1394	20
1403	40
1404	30
1405	30
1406	30
1407	30
1408	30
1409	30
1410	40
1412	20
1425	25
1433	40
1434	20
1435	15
1436	30
1437	30
1438	30
1439	40
1440	35
1441	30
1442	30
1443	40
1444	30
1445	30
1446	30
1447	40
1448	35
1449	30
1450	30
1451	40
1452	25
1453	30
1454	40
1456	40
1459	35
1462	35
1465	35
1468	30
1471	30
1474	30
1477	25
1480	25
1483	25
1486	20
1489	20
1492	20
1495	20
1498	20
1499	30
1500	30
1501	25
1502	30
1503	25
1505	30
1506	30
1507	35
1508	25
1509	35
1513	30
1514	30
1515	30
1516	25
1539	20
1540	30
1545	30
1546	40
1550	30
1555	30
1556	40
1557	40
1558	40
1559	40
1560	30
1561	30
1571	30
1572	35
1573	200
1575	20
1576	20
1583	15
1584	20
1585	20
1586	25
1587	35
1588	25
1595	25
1603	30
1616	25
1621	30
1636	15
1637	35
1638	20
1642	20
1643	15
1645	35
1646	15
1647	25
1648	35
1649	20
1650	30
1658	15
1659	25
1660	30
1661	30
1669	35
1675	20
1678	20
1681	20
1682	20
1693	40
1699	15
1700	20
1701	25
1702	30
1703	35
1704	40
1705	100
1706	150
1707	200
1727	25
1737	15
1738	20
1739	20
1740	30
1741	25
1743	25
1745	25
1746	25
1747	25
1748	25
1749	35
1753	25
1754	25
1755	25
1760	25
1761	25
1762	25
1763	25
1765	25
1766	25
1770	25
1771	25
1772	25
1773	25
1774	25
1775	25
1776	25
1777	25
1778	25
1782	25
1783	25
1784	25
1785	25
1786	25
1787	25
1788	25
1789	25
1793	25
1794	25
1795	25
1796	25
1797	25
1798	25
1799	25
1800	25
1801	35
1802	25
1803	40
1804	40
1805	40
1806	40
1807	30
1808	20
1809	20
1810	20
1811	20
1812	20
1813	20
1814	20
1815	20
1816	25
1817	30
1818	20
1819	20
1820	20
1821	20
1822	25
1825	25
1826	20
1827	20
1828	20
1831	25
1832	30
1833	20
1834	20
1835	20
1836	20
1837	20
1838	25
1843	25
1844	25
1845	25
1846	30
1847	25
1848	25
1849	40
1852	20
1853	25
1854	30
1855	20
1856	20
1857	20
1858	20
1859	20
1860	25
1861	30
1862	20
1863	20
1864	20
1865	20
1866	20
1867	20
1868	20
1869	25
1874	20
1875	20
1876	30
1877	35
1878	15
1879	30
1880	30
1881	30
1882	30
1883	30
1884	30
1885	30
1886	30
1887	30
1889	20
1890	20
1891	20
1892	20
1893	20
1894	20
1895	15
1896	25
1897	45
1898	15
1903	30
1904	30
1905	35
1906	35
1907	40
1908	50
1909	35
1910	45
1911	45
1912	40
1913	40
1914	40
1915	40
1916	40
1917	20
1918	20
1919	50
1920	35
1921	35
1922	25
1926	25
1927	25
1928	25
1933	25
1934	25
1935	25
1936	25
1937	25
1938	25
1939	25
1940	25
1944	25
1945	25
1946	25
1947	25
1948	25
1949	25
1950	25
1951	25
1952	25
1956	25
1957	25
1958	25
1959	25
1960	25
1961	25
1962	25
1963	25
1964	25
1965	25
1966	25
1970	25
1971	30
1972	25
1973	25
1974	25
1975	25
1976	25
1977	25
1981	25
1982	25
1983	25
1984	30
1985	25
1986	25
1987	40
1988	20
1992	40
1993	20
1994	20
1995	20
2000	20
2001	20
2002	20
2003	20
2004	20
2005	25
2012	25
2013	25
2018	35
2019	35
2020	40
2022	25
2023	25
2024	25
2025	25
2026	25
2027	25
2028	25
2029	25
2030	25
2031	25
2032	25
2033	25
2034	25
2036	25
2037	25
2038	25
2039	25
2040	25
2041	25
2042	25
2043	25
2044	25
2045	25
2046	25
2047	25
2048	40
2049	25
2052	25
2055	25
2056	25
2057	25
2058	25
2059	25
2060	25
2061	25
2062	25
2063	25
2064	25
2065	25
2066	25
2067	35
2068	30
2069	30
2070	30
2071	30
2080	30
2089	30
2098	30
2107	30
2116	30
2125	30
2133	30
2141	30
2148	30
2154	30
2161	30
2166	30
2172	30
2181	30
2190	30
2199	30
2206	30
2211	30
2216	30
2221	30
2226	30
2232	30
2237	30
2242	30
2247	30
2252	30
2257	30
2262	30
2267	30
2272	40
2273	30
2274	30
2275	30
2276	30
2277	30
2278	30
2279	30
2280	35
2289	35
2290	30
2294	20
2295	20
2296	35
2297	35
2298	30
2299	35
2300	30
2304	40
2306	30
2310	30
2314	30
2315	30
2316	30
2318	30
2319	30
2320	30
2322	30
2323	30
2324	30
2325	35
2326	35
2327	35
2328	35
2329	35
2330	35
2331	35
2332	35
2333	45
2334	40
2335	35
2350	35
2351	35
2352	35
2353	35
2354	20
2355	30
2356	30
2359	30
2360	30
2361	30
2362	30
2363	30
2364	30
2365	30
2366	30
2367	30
2368	30
2369	30
2370	30
2371	30
2372	30
2373	30
2374	30
2375	30
2376	30
2377	30
2378	30
2379	30
2380	30
2381	30
2382	35
2389	30
2390	35
2391	30
2396	30
2397	35
2398	30
2399	30
2400	30
2401	30
2402	30
2403	30
2404	30
2405	30
2406	30
2407	30
2408	30
2409	30
2410	30
2412	30
2413	30
2414	30
2415	30
2416	30
2417	30
2418	30
2419	30
2420	30
2421	30
2422	30
2423	30
2424	40
2425	45
2426	50
2427	35
2428	35
2429	40
2430	45
2431	50
2432	35
2433	35
2434	35
2435	35
2436	35
2437	45
2438	45
2440	50
2441	50
2442	45
2443	45
2444	45
2445	40
2446	40
2447	40
2448	40
2449	40
2450	40
2451	40
2452	40
2453	40
2454	40
2455	40
2456	40
2457	40
2458	40
2459	40
2461	40
2462	40
2463	40
2464	40
2465	30
2471	25
2473	20
2474	20
2475	20
2476	20
2477	20
2478	25
2479	30
2480	25
2481	20
2482	30
2483	25
2485	35
2492	35
2493	30
2494	30
2495	40
2501	30
2502	30
2503	30
2504	30
2505	30
2506	30
2507	30
2509	30
2510	30
2511	30
2514	30
2515	30
2516	30
2517	30
2518	30
2519	30
2520	30
2521	30
2522	30
2523	30
2524	30
2525	30
2526	35
2533	30
2534	35
2535	30
2536	40
2542	30
2543	30
2544	30
2545	30
2546	30
2547	30
2548	30
2550	30
2551	30
2552	30
2554	30
2555	30
2556	30
2557	30
2558	30
2559	30
2560	30
2561	30
2562	30
2563	30
2564	30
2565	30
2566	40
2567	40
2568	40
2569	40
2570	40
2571	40
2572	40
2574	40
2575	40
2576	40
2577	40
2578	40
2579	40
2580	40
2581	40
2582	40
2583	40
2585	40
2586	40
2587	40
2588	20
2589	20
2591	30
2592	25
2593	20
2594	40
2595	40
2596	40
2597	40
2598	40
2599	40
2600	20
2601	40
2602	40
2603	40
2604	40
2605	20
2623	35
2624	25
2629	15
2630	25
2631	30
2644	25
2650	20
2651	15
2652	15
2653	20
2654	25
2655	15
2656	20
2657	25
2659	25
2661	35
2680	30
2681	35
2683	25
2684	25
2685	25
2686	30
2687	30
2688	30
2689	40
2690	40
2691	20
2692	25
2693	25
2694	30
2695	35
2696	35
2697	20
2698	35
2703	35
2704	35
2705	30
2706	15
2707	20
2708	30
2709	25
2711	25
2712	25
2713	25
2714	25
2715	35
2716	40
2717	40
2718	20
2722	25
2723	20
2730	25
2731	20
2732	20
2733	20
2734	20
2735	20
2736	25
2740	30
2741	25
2748	25
2749	25
2750	25
2751	25
2752	25
2753	25
2754	15
2755	20
2756	20
2758	20
2759	15
2760	20
2761	40
2762	20
2763	35
2764	35
2765	35
2766	30
2767	30
2768	30
2775	20
2776	25
2777	25
2778	30
2779	30
2780	30
2781	40
2782	20
2783	25
2794	25
2795	25
2796	25
2797	30
2798	25
2799	30
2802	30
2803	25
2804	25
2810	25
2816	25
2818	25
2833	25
2834	25
2835	25
2836	25
2842	25
2848	0
2849	0
2850	0
2851	50
2852	40
2854	40
2855	20
2856	30
2859	25
2860	25
2861	25
2862	25
2863	25
2864	25
2865	25
2866	25
2867	25
2868	25
2869	25
2870	40
2871	40
2887	20
2888	20
2889	25
2890	25
2891	25
2895	25
2896	15
2897	20
2898	20
2899	30
2900	30
2901	30
2902	15
2903	20
2904	20
2905	20
2906	20
2907	25
2910	20
2911	30
2912	20
2916	30
2917	30
2918	30
2919	30
2920	30
2921	30
2922	30
2923	30
2924	30
2925	25
2926	30
2927	40
2928	40
2929	40
2930	25
2931	30
2932	40
2933	40
2934	40
2935	20
2936	25
2937	30
2938	40
2939	40
2940	20
2941	25
2942	30
2943	40
2944	40
2945	20
2946	25
2947	30
2948	40
2949	40
2950	30
2951	30
2958	25
2959	25
2960	25
2961	25
2962	25
2963	25
2964	25
2965	25
2966	25
2968	25
2969	25
2970	25
2971	25
2972	25
2973	25
2974	40
2981	30
2982	30
2983	30
2984	30
2985	30
2986	30
2987	30
2988	30
2989	30
2990	30
2992	30
2993	30
2994	30
2995	30
2996	30
2997	30
2998	40
2999	40
3000	40
3001	40
3002	40
3003	40
3004	40
3005	0
3006	15
3007	25
3008	15
3009	15
3010	15
3011	20
3012	15
3013	20
3014	20
3016	25
3017	25
3020	25
3023	15
3024	15
3025	15
3026	15
3027	15
3028	15
3029	15
3030	15
3031	15
3032	25
3033	25
3041	25
3042	25
3043	25
3045	35
3046	30
3047	20
3048	30
3049	25
3050	30
3053	25
3054	25
3055	25
3056	25
3057	25
3058	25
3059	25
3060	25
3061	25
3062	25
3063	25
3064	25
3065	30
3066	40
3068	25
3069	25
3070	25
3071	30
3072	30
3073	30
3074	40
3075	25
3076	30
3077	30
3080	30
3081	30
3082	30
3083	30
3084	30
3085	30
3086	30
3087	30
3088	30
3089	30
3090	30
3091	30
3092	30
3093	30
3094	30
3095	30
3096	40
3097	40
3098	30
3101	30
3102	30
3103	30
3104	30
3105	30
3106	30
3107	30
3108	30
3109	30
3110	30
3111	30
3112	30
3113	35
3114	40
3115	40
3116	20
3117	20
3118	20
3119	20
3120	30
3122	20
3123	30
3124	0
3125	0
3126	0
3127	0
3128	0
3129	0
3130	0
3131	0
3143	35
3144	20
3145	25
3146	30
3147	35
3148	35
3149	35
3150	35
3151	35
3152	15
3153	20
3154	25
3155	30
3156	30
3165	15
3166	20
3167	25
3168	30
3169	35
3170	35
3179	30
3180	30
3181	30
3182	30
3183	35
3184	25
3185	30
3186	20
3187	20
3188	20
3189	20
3190	20
3191	20
3192	20
3193	20
3194	20
3195	20
3196	30
3197	40
3198	45
3199	30
3201	25
3202	25
3203	25
3204	30
3205	30
3207	30
3208	30
3209	30
3210	30
3212	25
3213	25
3214	25
3216	30
3217	30
3218	30
3219	20
3223	20
3224	20
3225	20
3227	20
3228	20
3229	25
3233	25
3234	25
3235	25
3236	25
3237	25
3238	25
3241	25
3242	25
3243	25
3244	30
3245	30
3246	30
3247	30
3248	30
3251	25
3252	25
3253	25
3254	30
3255	30
3256	30
3257	15
3258	20
3259	25
3260	30
3261	35
3262	20
3263	25
3264	30
3265	30
3266	30
3267	25
3268	30
3269	30
3270	25
3271	35
3272	25
3275	25
3276	25
3277	25
3278	25
3279	25
3280	30
3281	30
3282	30
3283	30
3284	30
3285	25
3286	25
3287	25
3288	25
3289	25
3291	35
3292	35
3293	35
3294	30
3295	15
3296	20
3297	20
3299	20
3300	20
3301	20
3302	15
3303	25
3304	25
3305	15
3306	30
3307	40
3308	40
3309	40
3310	40
3311	40
3312	40
3313	40
3314	40
3315	40
3316	15
3321	15
3324	30
3327	0
3331	20
3389	20
3391	20
3392	40
3393	40
3394	25
3398	25
3399	25
3403	25
3404	25
3405	25
3406	25
3407	25
3408	25
3409	30
3410	30
3411	30
3412	30
3413	30
3414	30
3415	40
3416	20
3417	20
3418	20
3428	20
3429	30
3430	40
3431	40
3432	15
3433	15
3434	35
3435	35
3436	20
3437	25
3438	25
3439	25
3440	25
3441	25
3442	25
3443	25
3444	25
3445	25
3446	25
3447	25
3448	25
3449	25
3450	30
3451	40
3452	15
3454	25
3455	15
3456	20
3457	20
3458	20
3459	20
3460	30
3461	20
3462	20
3463	20
3464	25
3465	25
3466	30
3467	20
3468	20
3469	20
3470	25
3471	25
3472	30
3473	20
3474	20
3475	20
3476	25
3477	25
3478	30
3479	20
3480	20
3481	20
3482	25
3483	25
3484	30
3485	20
3486	20
3487	20
3488	25
3489	25
3490	15
3491	20
3492	20
3493	20
3494	20
3495	20
3496	20
3497	25
3498	25
3499	25
3500	25
3501	25
3502	20
3503	25
3504	30
3505	30
3506	40
3507	45
3508	15
3512	15
3517	20
3518	25
3523	25
3528	25
3529	25
3536	25
3538	25
3539	25
3541	30
3542	30
3543	30
3544	30
3545	30
3546	30
3547	30
3548	30
3549	30
3550	20
3554	25
3558	25
3562	25
3566	25
3570	30
3576	30
3582	30
3589	30
3596	30
3603	30
3610	20
3625	20
3626	25
3627	20
3628	20
3629	20
3630	25
3631	25
3632	25
3633	25
3634	25
3635	25
3636	25
3637	25
3638	25
3639	25
3640	25
3641	25
3642	25
3643	25
3644	25
3645	25
3646	25
3647	25
3648	25
3649	25
3650	25
3651	25
3652	25
3653	25
3654	25
3655	25
3656	25
3657	25
3658	25
3659	25
3660	25
3661	25
3662	25
3663	25
3664	25
3665	25
3666	25
3667	25
3668	25
3669	25
3670	25
3671	25
3672	25
3673	25
3674	25
3675	25
3676	25
3677	25
3678	25
3679	25
3680	25
3681	25
3682	25
3683	25
3684	25
3685	25
3686	25
3687	25
3688	25
3689	30
3690	30
3691	30
3692	30
3693	30
3694	30
3695	30
3696	30
3697	30
3698	30
3699	30
3700	30
3701	30
3702	30
3703	30
3704	30
3705	30
3706	30
3707	30
3708	30
3709	30
3710	30
3711	30
3712	30
3713	30
3714	30
3715	30
3716	30
3717	30
3718	30
3719	30
3720	30
3721	30
3722	30
3723	30
3724	30
3725	15
3727	30
3728	30
3729	30
3730	30
3731	30
3732	40
3733	40
3734	40
3735	40
3736	40
3737	40
3738	40
3739	40
3740	40
3741	40
3742	40
3743	40
3744	40
3745	40
3746	40
3747	40
3748	40
3749	40
3750	40
3751	30
3752	30
3753	30
3754	30
3757	30
3758	30
3759	30
3760	30
3761	30
3762	30
3763	25
3779	25
3780	25
3781	25
3782	25
3783	25
3784	20
3797	20
3798	20
3799	20
3800	20
3801	20
3802	20
3803	0
3805	25
3824	20
3827	25
3828	25
3829	25
3830	25
3831	25
3832	25
3833	25
3834	25
3835	25
3836	25
3837	25
3838	25
3839	25
3847	30
3848	20
3849	20
3850	20
3851	20
3852	25
3855	20
3858	20
3862	20
3863	20
3864	20
3865	20
3866	20
3867	20
3868	25
3869	25
3870	25
3871	25
3872	25
3873	30
3891	25
3892	25
3893	25
3894	30
3895	30
3896	30
3897	30
3904	20
3923	20
3924	20
3925	20
3926	20
3927	30
3928	30
3929	25
3934	25
3935	30
3945	30
3955	25
3956	25
3957	25
3958	25
3959	25
3960	25
3961	25
3962	25
3963	25
3964	30
3965	30
3966	30
3967	30
3968	30
3969	30
3970	30
3971	30
3972	30
3973	25
3974	25
3975	25
3976	25
3977	25
3978	25
3979	25
3980	25
3981	25
3982	25
3983	25
3984	25
3985	25
3986	25
3987	25
3988	25
3989	25
3990	25
3991	25
3992	25
3993	25
3994	25
3995	25
3996	25
3997	25
3998	25
3999	30
4000	30
4001	30
4002	30
4003	30
4004	30
4005	30
4006	30
4007	30
4008	30
4009	30
4010	30
4011	30
4012	30
4013	30
4014	30
4015	30
4016	30
4017	30
4019	30
4020	30
4021	40
4022	40
4023	40
4024	40
4025	40
4026	40
4027	40
4028	40
4029	40
4030	40
4031	40
4032	30
4035	20
4036	15
4037	20
4038	30
4041	15
4042	15
4043	20
4044	20
4045	30
4047	30
4048	20
4049	20
4050	20
4051	20
4052	20
4053	30
4054	30
4055	30
4056	25
4060	25
4061	30
4066	30
4072	30
4077	30
4083	25
4084	25
4085	25
4086	25
4087	25
4088	25
4089	25
4090	25
4091	25
4092	30
4093	30
4094	30
4095	30
4096	30
4097	30
4098	30
4099	30
4100	30
4101	25
4102	25
4103	25
4104	25
4105	25
4106	25
4107	25
4108	25
4109	25
4110	25
4111	25
4112	25
4113	25
4124	25
4125	25
4126	25
4127	25
4128	25
4129	25
4134	25
4135	25
4136	25
4137	25
4138	25
4139	25
4140	25
4141	25
4142	25
4143	25
4144	30
4145	30
4146	30
4147	30
4148	30
4149	30
4150	30
4151	30
4160	30
4161	30
4162	30
4163	30
4164	30
4165	30
4166	30
4168	30
4169	40
4170	40
4171	40
4172	40
4173	40
4174	40
4175	40
4176	40
4177	40
4178	40
4179	40
4180	40
4181	35
4182	35
4183	35
4184	35
4185	35
4186	35
4187	35
4188	30
4198	30
4199	30
4200	25
4204	25
4205	25
4206	25
4207	25
4208	25
4209	25
4210	40
4211	20
4212	30
4213	20
4214	30
4215	20
4216	30
4217	25
4218	35
4220	20
4221	20
4222	20
4223	20
4224	20
4225	25
4226	25
4227	25
4228	25
4229	25
4230	25
4231	25
4232	25
4233	25
4234	25
4235	25
4236	25
4237	30
4238	30
4239	30
4240	30
4241	30
4242	30
4243	30
4244	30
4245	30
4246	30
4247	30
4248	30
4249	30
4250	30
4251	30
4252	30
4253	30
4254	30
4255	30
4256	30
4257	30
4258	30
4259	30
4260	30
4261	30
4262	30
4263	30
4264	25
4265	30
4266	40
4267	40
4268	40
4283	20
4284	30
4285	15
4286	20
4287	25
4288	35
4293	30
4294	40
4296	15
4297	15
4298	15
4299	15
4300	35
4301	20
4303	25
4304	25
4305	25
4306	25
4307	25
4308	25
4309	40
4310	15
4311	25
4312	15
4313	20
4314	20
4315	20
4316	20
4317	30
4318	20
4319	20
4320	20
4323	15
4324	20
4325	20
4327	15
4328	15
4333	20
4334	30
4335	30
4336	30
4337	30
4338	30
4339	30
4340	30
4341	30
4342	30
4343	20
4347	20
4348	25
4352	25
4353	30
4357	30
4362	30
4366	30
4371	25
4372	25
4373	25
4374	25
4375	25
4376	25
4377	25
4378	30
4379	30
4380	30
4381	30
4382	30
4383	30
4384	30
4385	20
4386	20
4387	20
4388	20
4389	25
4390	25
4391	25
4392	25
4393	25
4394	25
4395	25
4396	25
4397	25
4398	25
4399	25
4400	25
4401	25
4402	25
4403	25
4404	25
4405	25
4406	25
4407	25
4408	30
4409	30
4410	30
4411	30
4412	30
4413	30
4414	30
4415	30
4416	30
4417	30
4418	30
4419	30
4420	30
4421	30
4422	15
4431	40
4432	40
4433	40
4434	40
4435	40
4436	40
4437	40
4438	40
4439	40
4440	40
4441	40
4442	40
4443	40
4444	200
4445	30
4446	30
4447	0
4453	15
4454	25
4455	35
4456	15
4457	30
4458	20
4459	20
4460	20
4461	20
4462	20
4468	25
4469	25
4470	25
4471	20
4472	20
4473	25
4474	25
4475	25
4476	25
4478	20
4486	20
4487	25
4490	20
4491	15
4492	15
4493	200
4494	40
4495	200
4496	30
4497	25
4503	30
4507	30
4512	30
4516	30
4521	25
4522	25
4523	25
4524	25
4525	25
4526	25
4527	25
4528	30
4529	30
4530	30
4531	30
4532	30
4533	30
4534	30
4536	25
4537	25
4538	25
4539	25
4540	25
4541	25
4542	25
4543	25
4544	25
4545	25
4546	25
4547	25
4548	25
4549	25
4550	30
4551	30
4552	30
4553	30
4555	30
4556	30
4557	30
4558	30
4559	30
4560	30
4561	30
4562	40
4563	40
4566	40
4567	40
4568	40
4569	40
4570	40
4571	40
4572	40
4573	40
4574	40
4576	20
4577	20
4578	20
4579	20
4580	20
4581	20
4582	20
4583	20
4584	20
4605	40
4606	40
4607	40
4608	40
4609	40
4610	40
4611	40
4612	10
4613	10
4614	20
4615	20
4616	20
4617	20
4618	20
4619	20
4620	20
4622	20
4623	15
4624	15
4625	15
4626	15
4627	25
4628	20
4629	20
4630	20
4631	20
4632	15
4636	20
4640	10
4641	25
4642	20
4643	40
4644	40
4646	30
4647	40
4648	40
4649	200
4650	30
4651	25
4652	25
4653	25
4654	25
4655	35
4656	40
4660	20
4664	25
4668	20
4672	25
4676	20
4680	25
4684	20
4688	25
4692	20
4696	25
4697	25
4698	25
4699	25
4700	25
4701	25
4702	20
4703	20
4704	20
4705	20
4706	20
4707	20
4708	20
4709	20
4710	20
4711	20
4712	20
4713	20
4714	20
4715	20
4716	20
4717	20
4718	20
4719	20
4720	25
4721	25
4722	25
4723	25
4724	25
4725	25
4726	25
4727	25
4728	25
4729	25
4730	25
4731	25
4732	25
4733	25
4734	25
4735	25
4736	25
4737	25
4741	25
4745	30
4749	25
4753	30
4758	25
4763	30
4768	25
4773	30
4774	25
4775	25
4776	25
4777	30
4778	30
4779	30
4780	25
4781	25
4782	25
4783	30
4784	30
4785	30
4786	25
4787	25
4788	25
4789	25
4790	30
4791	30
4792	30
4793	30
4794	25
4795	25
4796	25
4797	25
4798	30
4799	30
4800	30
4801	30
4802	25
4803	25
4804	25
4805	25
4806	25
4807	25
4808	25
4809	25
4810	25
4811	25
4812	25
4813	25
4814	25
4815	25
4816	25
4817	25
4818	25
4819	25
4820	30
4821	30
4822	30
4823	30
4824	30
4825	30
4826	30
4827	30
4828	30
4829	30
4830	30
4831	30
4832	30
4833	30
4834	30
4835	30
4836	30
4837	30
4838	30
4839	30
4840	30
4841	30
4842	25
4843	25
4844	25
4845	25
4846	25
4847	25
4848	25
4849	25
4850	25
4851	25
4852	25
4853	25
4854	25
4855	25
4856	25
4857	25
4858	25
4859	25
4860	25
4861	25
4862	25
4863	25
4864	30
4865	30
4866	30
4867	30
4868	30
4869	30
4870	30
4871	30
4872	30
4873	30
4874	30
4875	30
4876	30
4877	30
4878	30
4879	30
4880	30
4881	30
4882	30
4883	30
4884	30
4885	30
4886	30
4887	30
4888	20
4889	40
4890	40
4891	40
4892	40
4893	40
4894	40
4895	40
4896	40
4897	40
4898	40
4899	40
4900	40
4901	40
4902	40
4903	40
4904	40
4905	40
4906	40
4907	40
4908	40
4909	40
4910	40
4911	40
4912	40
4913	40
4914	40
4915	40
4916	40
4921	25
4922	30
4923	25
4924	30
4925	40
4926	40
4927	35
4940	40
4941	40
4942	40
4943	40
4944	40
4945	40
4946	40
4947	40
4948	40
4949	40
4950	40
4951	40
4956	20
4957	15
4958	20
4959	20
4960	20
4961	20
4962	20
4963	20
4964	20
4965	20
4966	20
4967	40
4968	40
4969	40
4970	40
4971	40
4972	0
4976	20
4977	20
4978	20
4979	20
4980	20
4981	20
4982	20
4983	15
4984	50
4985	25
4986	15
4988	20
4989	20
4990	20
4991	30
4992	20
4993	20
4994	20
4995	20
4996	20
4997	30
4998	20
4999	20
5000	20
5001	20
5002	20
5003	30
5004	20
5005	20
5006	20
5007	20
5008	20
5009	30
5010	20
5011	20
5012	20
5013	20
5014	20
5015	20
5016	25
5017	25
5018	25
5019	25
5021	15
5027	15
5032	15
5033	30
5034	30
5035	30
5036	30
5037	30
5038	30
5039	30
5040	15
5041	15
5042	30
5043	30
5044	30
5045	20
5046	15
5048	30
5049	30
5050	30
5051	30
5052	40
5053	25
5054	30
5076	40
5077	200
5078	40
5079	200
5080	30
5081	30
5085	20
5086	30
5087	20
5088	20
5089	20
5090	30
5091	30
5092	40
5093	20
5094	30
5095	20
5096	40
5097	30
5098	40
5099	30
5100	40
5101	30
5102	40
5103	20
5104	40
5105	40
5106	40
5107	40
5108	40
5110	30
5111	30
5112	30
5113	30
5114	30
5115	30
5116	30
5117	30
5118	30
5119	30
5120	30
5121	30
5122	30
5123	30
5124	30
5127	25
5128	25
5129	20
5130	20
5131	20
5132	20
5133	30
5134	20
5135	20
5136	20
5137	20
5138	20
5139	20
5140	20
5141	20
5142	20
5143	20
5144	20
5145	20
5146	20
5147	20
5148	20
5149	20
5150	20
5151	20
5152	20
5153	20
5154	20
5155	20
5156	20
5157	20
5158	20
5159	20
5160	20
5161	20
5162	20
5163	20
5164	20
5165	30
5166	30
5167	30
5168	30
5169	20
5170	30
5171	30
5172	40
5173	40
5174	40
5175	40
5176	40
5177	40
5178	40
5179	40
5184	20
5185	20
5186	25
5187	40
5190	30
5191	30
5192	30
5193	30
5194	20
5195	20
5196	20
5197	20
5198	20
5199	20
5200	20
5201	20
5214	20
5226	20
5227	20
5228	20
5232	20
5233	20
5234	20
5238	20
5239	20
5240	20
5241	20
5245	20
5246	20
5247	20
5251	20
5252	20
5253	20
5257	20
5258	20
5259	20
5263	20
5270	20
5275	20
5278	20
5282	20
5287	20
5288	20
5292	20
5293	20
5294	40
5295	200
5296	20
5297	20
5298	20
5299	20
5300	20
5301	20
5302	20
5303	40
5304	200
5305	30
5306	40
5307	20
5311	20
5312	20
5313	20
5317	20
5318	20
5319	20
5323	20
5324	20
5327	20
5328	20
5329	20
5330	20
5331	20
5332	20
5333	20
5334	20
5335	20
5336	30
5337	20
5338	20
5339	20
5340	30
5341	40
5342	200
5343	30
5344	15
5345	25
5347	25
5348	35
5349	25
5350	25
5351	25
5352	25
5353	25
5354	25
5355	25
5362	25
5363	25
5364	25
5365	40
5366	25
5367	40
5371	0
5372	0
5373	0
5374	0
5375	15
5376	30
5377	30
5378	15
5379	30
5380	15
5381	30
5382	30
5383	30
5384	30
5385	15
5386	30
5387	30
5388	30
5389	30
5390	15
5391	30
5392	30
5393	20
5394	30
5395	15
5396	30
5397	30
5398	30
5399	30
5436	40
5437	20
5438	20
5439	20
5440	20
5441	20
5442	20
5443	20
5444	30
5445	40
5446	40
5447	40
5448	20
5449	15
5450	15
5451	15
5452	15
5453	15
5454	15
5455	15
5456	15
5457	15
5458	15
5459	15
5460	15
5461	15
5462	15
5463	15
5464	15
5465	15
5466	15
5467	15
5468	15
5469	15
5470	40
5471	0
5473	15
5474	25
5475	25
5476	25
5477	25
5478	25
5479	25
5480	15
5481	25
5482	15
5483	20
5484	20
5485	20
5486	20
5487	15
5488	20
5489	30
5490	30
5491	30
5492	30
5493	30
5510	25
5511	25
5512	30
5513	30
5514	25
5515	25
5516	25
5517	25
5518	25
5519	25
5520	25
5521	25
5522	30
5523	30
5524	30
5525	30
5526	30
5527	30
5528	30
5529	30
5530	20
5536	25
5537	25
5538	25
5539	25
5540	25
5541	25
5542	25
5543	25
5544	25
5545	25
5546	25
5547	20
5548	40
5549	25
5550	25
5551	25
5552	30
5553	30
5554	30
5555	30
5556	30
5557	30
5558	30
5559	30
5560	30
5561	30
5562	30
5563	30
5564	30
5565	30
5566	30
5567	30
5568	30
5569	30
5570	30
5571	30
5572	30
5573	30
5574	30
5575	20
5580	15
5582	40
5583	40
5584	40
5585	40
5586	40
5587	40
5588	40
5589	40
5590	40
5591	40
5592	40
5593	20
5594	15
5603	20
5607	25
5611	25
5612	25
5613	25
5614	20
5615	20
5616	20
5617	25
5618	25
5619	25
5620	25
5621	25
5622	25
5623	40
5624	40
5625	40
5626	0
5629	30
5630	20
5631	20
5632	20
5633	20
5634	20
5636	20
5637	25
5638	25
5639	25
5640	25
5641	25
5642	25
5650	20
5651	20
5652	20
5653	20
5654	20
5655	20
5656	20
5657	20
5658	20
5659	20
5660	20
5666	20
5667	20
5673	20
5674	20
5675	20
5676	20
5677	20
5678	20
5679	20
5680	20
5684	20
5685	20
5686	20
5687	40
5688	200
5689	30
5690	20
5691	20
5692	20
5696	25
5697	25
5698	25
5699	25
5700	20
5701	25
5702	30
5703	35
5704	20
5727	25
5728	25
5729	30
5730	30
5731	25
5732	25
5733	25
5734	25
5735	25
5736	25
5737	25
5738	25
5739	25
5740	25
5741	30
5742	30
5743	30
5744	30
5745	30
5746	30
5747	30
5748	30
5749	25
5750	25
5751	25
5752	25
5753	25
5754	25
5755	25
5756	25
5757	25
5758	25
5759	25
5760	25
5761	25
5762	25
5763	25
5764	25
5765	25
5766	25
5767	25
5768	25
5769	25
5770	25
5771	30
5772	30
5773	30
5774	30
5775	30
5776	30
5777	30
5778	30
5779	30
5780	30
5781	25
5782	25
5783	25
5784	25
5785	25
5786	25
5787	25
5788	25
5789	25
5790	40
5791	40
5792	40
5793	40
5794	40
5795	40
5796	40
5797	40
5798	40
5799	40
5800	40
5801	40
5808	25
5809	20
5811	20
5812	20
5813	20
5814	20
5815	20
5816	20
5817	30
5818	30
5819	30
5820	0
5821	25
5822	25
5823	30
5824	30
5825	25
5826	30
5827	40
5828	200
5829	30
5830	20
5831	20
5832	20
5833	30
5834	30
5835	30
5836	30
5837	20
5838	20
5840	40
5841	200
5842	30
5843	20
5844	25
5851	25
5852	25
5853	25
5854	25
5855	20
5856	20
5857	20
5858	20
5859	25
5860	25
5861	25
5862	25
5867	25
5868	40
5869	40
5878	25
5879	25
5880	25
5881	25
5882	25
5883	25
5884	25
5885	25
5886	25
5887	25
5896	30
5897	30
5898	30
5899	30
5900	30
5901	30
5902	30
5903	30
5904	30
5905	30
5906	25
5907	25
5908	25
5909	25
5910	25
5911	25
5912	25
5913	25
5914	25
5915	25
5916	25
5917	25
5918	25
5919	25
5920	25
5921	25
5922	25
5923	30
5924	30
5925	30
5926	30
5927	30
5928	30
5929	30
5930	30
5931	30
5932	30
5933	30
5934	30
5935	30
5936	30
5937	30
5938	30
5939	30
5940	30
5941	40
5942	40
5943	40
5944	40
5945	40
5946	40
5947	40
5948	40
5949	40
5950	40
5961	25
5962	25
5964	25
5965	25
5970	20
5971	20
5972	20
5973	20
5974	25
5975	25
5976	25
5977	25
5979	40
5980	40
5981	20
5982	15
5983	15
5984	20
5985	25
5986	20
5987	25
5988	15
5989	20
5990	25
5991	30
5992	30
5993	30
5994	30
5995	30
5996	30
5997	20
5998	15
5999	30
6000	20
6001	25
6002	30
6003	15
6004	20
6005	15
6006	20
6007	30
6008	15
6009	20
6011	20
6012	20
6013	20
6014	20
6017	20
6018	20
6019	20
6020	20
6021	15
6022	15
6023	15
6024	20
6028	20
6029	20
6030	20
6031	20
6032	20
6033	20
6034	20
6035	20
6036	40
6037	20
6038	20
6039	20
6040	20
6041	20
6042	20
6043	20
6044	20
6045	40
6046	200
6047	30
6048	20
6049	20
6050	20
6135	30
6136	25
6137	25
6138	25
6139	25
6140	25
6146	30
6147	25
6148	25
6149	25
6150	25
6151	25
6152	25
6153	25
6154	25
6155	25
6156	25
6157	25
6158	25
6159	25
6160	25
6161	25
6162	25
6163	25
6164	25
6165	25
6166	25
6167	25
6168	25
6169	25
6170	25
6171	25
6172	25
6173	25
6174	25
6175	25
6176	25
6177	25
6178	25
6179	25
6180	25
6181	40
6182	40
6183	40
6184	40
6185	40
6186	40
6187	20
6188	20
6189	20
6190	40
6191	40
6192	200
6193	30
6194	20
6195	20
6196	20
6197	30
6198	30
6199	15
6200	15
6201	15
6202	15
6203	15
6204	25
6205	15
6206	20
6207	20
6208	25
6209	20
6210	25
6211	25
6212	25
6213	20
6214	20
6215	20
6216	25
6217	25
6218	20
6219	20
6220	20
6221	20
6222	20
6223	15
6224	15
6225	15
6226	25
6227	25
6229	30
6233	30
6234	25
6235	25
6236	25
6240	25
6241	25
6242	25
6243	15
6244	15
6245	15
6246	15
6247	15
6248	15
6249	15
6250	20
6251	20
6252	20
6253	20
6254	20
6255	15
6256	15
6257	15
6258	15
6259	15
6260	15
6261	15
6262	20
6263	20
6264	20
6265	20
6266	20
6267	40
6268	40
6269	40
6270	40
6271	40
6272	25
6273	40
6274	200
6275	30
6276	15
6277	15
6279	20
6282	20
6286	25
6287	25
6288	20
6289	20
6290	20
6291	25
6292	25
6293	25
6294	25
6298	20
6299	20
6300	20
6301	20
6302	20
6306	25
6307	25
6308	25
6309	25
6310	25
6311	25
6315	20
6316	10
6317	10
6318	10
6319	10
6320	10
6321	10
6322	20
6323	20
6324	10
6328	25
6329	25
6330	15
6331	15
6332	15
6333	15
6334	15
6335	15
6336	25
6337	25
6338	15
6342	20
6343	20
6344	20
6345	20
6346	20
6350	25
6351	25
6352	25
6353	25
6354	25
6355	25
6359	20
6360	20
6361	20
6362	20
6363	20
6367	25
6368	25
6369	25
6370	25
6371	25
6372	25
6373	40
6374	40
6375	40
6376	40
6377	40
6378	40
6379	40
6380	40
6381	40
6382	40
6383	15
6384	15
6385	15
6386	15
6387	15
6388	25
6389	25
6390	25
6391	25
6392	25
6397	25
6402	25
6403	25
6404	25
6405	25
6406	25
6407	25
6408	25
6409	25
6410	25
6411	25
6412	25
6413	25
6414	25
6415	25
6416	25
6417	25
6418	25
6419	25
6420	25
6421	25
6422	35
6436	25
6437	25
6438	25
6439	25
6440	25
6441	40
6442	25
6443	35
6444	35
6445	35
6446	35
6447	35
6448	35
6449	35
6450	35
6451	35
6452	35
6453	35
6454	35
6455	35
6456	35
6457	35
6458	35
6459	35
6460	35
6461	35
6462	35
6463	35
6464	35
6465	35
6466	35
6467	35
6468	35
6469	35
6470	35
6471	35
6472	35
6473	35
6474	35
6475	35
6476	35
6477	35
6478	35
6479	35
6480	35
6481	35
6482	35
6483	35
6484	35
6485	35
6486	35
6487	35
6488	35
6489	35
6490	35
6491	35
6492	35
6493	35
6494	35
6495	35
6496	35
6497	35
6498	35
6499	35
6500	35
6501	35
6502	35
6503	35
6504	35
6505	35
6506	35
6507	35
6508	35
6509	35
6510	35
6511	35
6512	35
6513	35
6514	35
6515	35
6516	35
6517	35
6518	35
6519	35
6520	35
6521	35
6522	35
6523	35
6524	35
6525	35
6526	35
6527	35
6528	35
6529	35
6530	35
6531	35
6532	35
6533	35
6534	35
6535	15
6536	35
6537	20
6538	20
6539	20
6540	20
6541	20
6542	20
6543	20
6544	15
6545	20
6546	20
6547	20
6548	20
6549	20
6550	20
6551	20
6552	20
6553	20
6554	20
6555	20
6559	15
6560	35
6561	15
6562	35
6569	30
6570	30
6571	30
6572	30
6573	30
6574	30
6575	30
6576	30
6577	30
6578	30
6579	30
6580	30
6581	30
6582	30
6583	30
6584	30
6585	30
6586	30
6587	30
6588	30
6589	30
6590	30
6591	30
6592	30
6593	30
6608	30
6609	30
6610	30
6611	30
6612	30
6613	30
6614	30
6615	40
6616	40
6617	40
6618	40
6619	40
6625	30
6626	30
6627	30
6628	30
6629	30
6630	30
6631	30
6632	30
6633	30
6634	30
6635	30
6636	30
6637	30
6638	30
6639	30
6640	30
6641	30
6642	30
6643	30
6644	30
6645	30
6646	30
6647	30
6648	30
6649	30
6664	30
6665	30
6666	30
6667	30
6668	30
6669	30
6670	30
6671	40
6672	40
6673	40
6674	40
6675	40
6676	20
6677	20
6678	20
6679	20
6680	20
6681	20
6682	20
6683	30
6684	35
6692	15
6693	40
6694	15
6695	20
6696	20
6697	20
6698	20
6699	20
6700	20
6701	20
6702	20
6703	20
6704	20
6705	20
6706	20
6707	20
6708	20
6709	20
6710	20
6711	20
6712	20
6713	30
6714	30
6715	30
6716	30
6717	25
6718	25
6719	20
6720	20
6721	20
6722	20
6723	20
6724	20
6726	25
6727	25
6728	25
6729	25
6730	25
6731	25
6732	25
6733	40
6735	30
6736	30
6737	30
6738	30
6739	30
6740	30
6741	30
6742	30
6743	30
6744	30
6745	40
6747	30
6748	30
6749	30
6750	30
6751	30
6752	30
6753	30
6754	30
6755	30
6756	30
6757	30
6758	40
6759	20
6760	25
6761	20
6762	20
6763	20
6764	20
6765	20
6770	20
6771	30
6772	35
6773	30
6774	35
6775	30
6776	35
6777	30
6778	35
6779	30
6780	35
6781	30
6783	30
6784	35
6785	30
6786	35
6787	30
6788	35
6789	30
6790	35
6791	20
6792	20
6793	20
6794	20
6795	20
6796	20
6797	25
6798	25
6799	25
6800	25
6801	25
6802	25
6803	35
6804	35
6805	30
6806	30
6807	30
6808	30
6809	30
6810	30
6811	30
6812	20
6813	20
6814	25
6815	25
6818	30
6819	30
6820	30
6821	30
6822	20
6823	0
6824	20
6825	40
6826	200
6827	30
6828	40
6829	200
6830	30
6831	20
6832	20
6833	20
6834	25
6835	15
6836	15
6837	15
6838	15
6839	15
6840	15
6842	20
6845	40
6846	200
6847	30
6872	25
6873	25
6874	25
6875	25
6876	25
6877	40
6878	200
6879	30
6880	25
6881	25
6885	25
6886	25
6887	25
6888	25
6889	25
6890	25
6891	25
6892	40
6893	40
6900	25
6901	25
6902	25
6903	25
6904	25
6905	25
6906	25
6907	25
6908	25
6909	25
6910	25
6911	25
6912	25
6913	25
6914	25
6915	25
6916	25
6917	25
6918	25
6919	25
6920	25
6921	25
6922	25
6923	25
6924	25
6925	25
6926	25
6927	25
6928	25
6929	25
6930	25
6931	25
6932	25
6933	25
6934	25
6935	25
6936	40
6943	30
6944	30
6945	30
6946	30
6947	30
6948	30
6949	30
6950	30
6951	30
6952	30
6953	30
6954	30
6955	30
6956	30
6957	30
6958	30
6959	30
6960	30
6961	30
6962	30
6963	30
6964	30
6965	30
6966	30
6967	30
6968	30
6969	30
6970	30
6971	30
6972	30
6973	30
6974	30
6975	30
6976	30
6977	30
6978	30
6979	30
6981	40
6982	40
6983	40
6984	40
6985	40
6992	30
6993	30
6994	30
6995	30
6996	30
6997	30
6998	30
6999	30
7000	30
7001	30
7002	30
7003	30
7004	30
7005	30
7006	30
7007	30
7008	30
7009	30
7010	30
7011	30
7012	30
7013	30
7014	30
7015	30
7016	30
7017	30
7018	30
7019	30
7020	30
7021	30
7022	30
7023	30
7024	30
7025	30
7026	30
7027	30
7028	30
7029	30
7031	40
7032	40
7033	40
7034	40
7035	40
7037	25
7038	25
7039	25
7040	25
7041	25
7042	25
7043	25
7044	40
7046	30
7047	30
7048	30
7049	30
7050	30
7051	30
7052	30
7053	30
7054	40
7056	30
7057	30
7058	30
7059	30
7060	30
7061	30
7062	30
7063	30
7064	30
7065	40
7066	15
7067	20
7068	25
7069	20
7070	30
7071	35
7072	30
7086	20
7087	20
7088	15
7089	15
7090	20
7091	20
7092	30
7093	30
7094	35
7095	30
7096	35
7097	20
7098	20
7099	20
7102	20
7103	20
7104	20
7105	20
7106	20
7107	20
7108	20
7109	20
7111	15
7112	20
7113	25
7114	15
7115	20
7116	25
7117	15
7118	20
7119	25
7120	15
7121	20
7122	25
7123	25
7124	20
7125	20
7126	20
7127	20
7128	25
7129	40
7130	200
7131	30
7132	20
7133	10
7134	10
7135	10
7136	10
7137	10
7138	10
7139	10
7140	10
7141	10
7142	10
7143	20
7145	20
7146	20
7147	20
7148	20
7149	20
7150	20
7151	20
7152	20
7153	30
7218	30
7219	30
7221	0
7223	25
7224	15
7225	20
7226	20
7227	20
7228	20
7229	20
7230	30
7231	35
7232	20
7233	15
7234	15
7235	15
7236	20
7241	15
7242	20
7243	15
7244	25
7245	30
7246	35
7248	30
7249	20
7250	20
7251	20
7252	20
7253	20
7254	20
7255	20
7256	30
7257	20
7258	15
7259	35
7260	15
7261	35
7280	25
7281	25
7282	25
7283	25
7284	25
7285	25
7286	35
7287	40
7288	200
7289	30
7290	40
7291	200
7292	30
7293	20
7294	0
7295	0
7296	0
7297	0
7298	0
7299	0
7300	0
7301	0
7302	0
7303	0
7304	0
7305	0
7306	0
7307	40
7308	30
7309	20
7310	40
7311	40
7312	30
7313	30
7314	20
7315	25
7316	25
7317	25
7318	25
7319	25
7320	25
7321	25
7322	25
7323	25
7324	25
7325	25
7326	25
7327	25
7328	25
7329	25
7330	25
7331	25
7332	25
7333	25
7334	25
7335	25
7336	25
7337	25
7338	25
7339	25
7340	25
7341	25
7342	30
7343	30
7344	30
7345	30
7346	30
7347	30
7348	30
7349	30
7350	30
7351	30
7352	30
7353	30
7354	30
7355	30
7356	30
7357	30
7358	30
7359	30
7360	30
7362	30
7363	30
7364	30
7365	30
7366	30
7367	30
7368	30
7369	30
7370	30
7371	30
7372	30
7373	30
7374	30
7375	30
7376	30
7377	30
7378	30
7379	30
7380	30
7381	30
7382	30
7383	30
7384	30
7385	30
7386	30
7387	30
7388	30
7389	30
7390	30
7391	30
7392	30
7393	30
7394	30
7395	25
7396	30
7397	30
7398	30
7399	30
7400	30
7401	30
7402	30
7403	30
7404	30
7405	30
7406	30
7407	30
7408	30
7409	30
7410	30
7411	30
7415	25
7419	25
7420	25
7421	20
7422	20
7423	20
7424	25
7425	25
7426	25
7427	25
7428	25
7429	0
7430	0
7431	30
7432	20
7437	20
7438	20
7439	30
7440	35
7441	30
7442	35
7443	30
7444	35
7445	20
7446	20
7447	20
7456	20
7457	20
7458	20
7459	20
7460	20
7461	20
7463	25
7464	25
7465	25
7466	25
7467	25
7468	25
7469	25
7470	25
7471	25
7472	25
7473	40
7474	40
7475	20
7476	20
7477	30
7478	35
7479	15
7480	15
7481	15
7483	20
7487	40
7488	200
7489	30
7490	20
7491	40
7492	200
7493	30
7494	20
7495	10
7501	20
7508	25
7509	25
7510	25
7511	25
7512	25
7513	25
7519	30
7520	30
7521	30
7522	30
7523	30
7524	30
7530	30
7531	30
7532	30
7533	30
7534	30
7535	30
7536	25
7537	25
7538	25
7539	25
7540	25
7541	25
7542	25
7543	25
7544	25
7545	25
7546	25
7547	25
7548	25
7549	25
7550	25
7551	30
7552	30
7553	30
7554	30
7555	30
7556	30
7557	30
7558	30
7559	30
7561	30
7562	30
7563	30
7564	30
7565	30
7566	30
7567	30
7568	30
7569	30
7570	30
7571	30
7572	30
7573	30
7574	30
7575	30
7576	30
7577	30
7578	30
7579	30
7580	30
7581	30
7582	30
7583	30
7584	30
7585	30
7586	30
7587	30
7588	30
7589	30
7590	0
7591	0
7592	0
7593	0
7594	0
7595	0
7596	0
7597	0
7598	0
7599	0
7600	0
7602	25
7603	25
7604	30
7605	30
7606	30
7607	30
7608	30
7612	40
7613	200
7614	30
7615	20
7616	40
7617	200
7618	30
7620	15
7621	20
7622	20
7623	20
7624	25
7625	25
7626	25
7627	25
7628	25
7629	25
7630	30
7631	30
7632	40
7633	40
7634	50
7635	20
7636	30
7637	20
7638	15
7639	30
7640	15
7641	15
7642	30
7643	20
7644	15
7645	15
7646	15
7647	20
7648	15
7649	30
7650	20
7651	15
7652	30
7653	20
7654	15
7655	30
7656	30
7657	50
7658	50
7659	30
7660	30
7661	30
7662	30
7663	30
7664	30
7665	30
7666	30
7667	15
7668	20
7669	50
7670	20
7671	20
7672	15
7673	20
7674	15
7675	20
7676	30
7677	20
7678	20
7679	20
7680	25
7681	20
7682	30
7683	15
7684	15
7685	15
7686	15
7687	15
7688	15
7689	15
7690	20
7691	25
7692	15
7693	15
7694	15
7695	25
7698	15
7699	20
7700	25
7701	15
7702	20
7703	25
7704	15
7705	20
7706	25
7707	30
7708	20
7709	20
7710	20
7711	15
7712	20
7713	30
7724	15
7796	30
7797	20
7798	20
7799	20
7803	20
7804	20
7805	20
7814	25
7815	30
7816	30
7817	30
7818	15
7819	25
7820	25
7821	35
7822	30
7823	30
7824	30
7825	30
7826	30
7827	30
7828	30
7829	30
7830	30
7831	30
7832	30
7833	15
7834	20
7842	20
7843	20
7844	20
7845	20
7849	20
7851	30
7853	50
7854	30
7856	50
7857	20
7858	20
7859	20
7860	20
7861	20
7862	20
7863	20
7864	20
7865	20
7866	20
7867	20
7868	20
7869	20
7870	20
7871	20
7872	20
7873	20
7874	20
7875	30
7876	35
7889	30
7890	20
7891	40
7892	10
7893	15
7894	20
7895	10
7896	15
7897	20
7898	15
7899	15
7900	15
7901	15
7902	15
7903	15
7904	15
7905	15
7906	15
7907	15
7908	15
7909	15
7910	15
7911	15
7912	15
7915	30
7916	30
7917	30
7918	30
7919	30
7920	30
7921	30
7922	30
7923	30
7924	30
7925	30
7926	30
7927	15
7928	15
7929	0
7930	0
7931	0
7932	0
7933	30
7934	30
7935	30
7936	30
7937	30
7938	30
7940	30
7941	30
7942	30
7943	30
7945	30
7946	30
7947	30
7948	30
7949	30
7950	30
7951	30
7952	30
7953	30
7954	30
7955	30
7956	30
7957	30
7958	30
7959	30
7960	30
7961	30
7962	30
7963	30
7964	30
7965	30
7966	30
7967	30
7968	30
7969	30
7970	30
7971	30
7972	30
7973	30
7974	30
7975	30
7976	30
7980	30
7981	30
7982	30
7983	30
7984	30
7985	30
7986	30
7987	30
8460	40
8461	40
8462	20
8467	20
8468	40
8469	200
8470	30
8471	20
8472	40
8473	200
8474	30
8475	40
8476	200
8477	30
8478	20
8479	40
8480	200
8481	30
8483	20
8484	15
8485	15
8486	15
8487	20
8501	20
8505	20
8509	20
8513	20
8517	20
8518	0
8520	20
8522	25
8528	25
8529	25
8530	25
8531	25
8532	25
8533	25
8534	25
8541	30
8542	30
8543	30
8544	30
8545	30
8546	30
8547	30
8554	30
8555	30
8556	30
8557	30
8558	30
8559	30
8560	30
8561	25
8562	25
8563	25
8564	25
8565	25
8566	25
8567	25
8568	25
8569	25
8571	25
8572	25
8573	30
8575	30
8576	30
8577	30
8578	30
8579	30
8580	30
8581	30
8582	30
8583	30
8584	30
8585	30
8586	30
8587	30
8588	30
8589	30
8590	30
8592	30
8593	30
8594	30
8595	30
8596	30
8597	30
8598	30
8599	30
8600	30
8601	30
8602	30
8603	30
8604	30
8605	30
8606	30
8607	30
8608	30
8609	30
8610	30
8611	30
8612	30
8613	30
8614	30
8615	30
8616	30
8637	25
8642	25
8643	20
8644	25
8645	20
8646	20
8647	20
8648	20
8649	20
8650	15
8651	20
8652	30
8653	35
8654	20
8655	15
8656	15
8657	15
8658	20
8662	15
8663	15
8664	20
8665	25
8666	20
8667	20
8668	20
8669	20
8670	20
8671	20
8672	30
8673	35
8674	15
8675	25
8676	20
8677	20
8678	20
8679	20
8680	20
8681	20
8682	20
8683	20
8684	30
8685	35
8686	15
8687	20
8688	30
8689	25
8690	20
8691	20
8692	20
8693	20
8694	30
8695	35
8696	20
8697	30
8698	30
8699	30
8700	30
8701	15
8702	25
8703	30
8704	35
8705	20
8706	20
8707	20
8708	20
8709	20
8710	20
8711	20
8712	20
8713	20
8714	20
8715	30
8716	30
8717	20
8718	20
8719	20
8720	25
8721	25
8722	25
8723	25
8724	20
8725	20
8726	20
8727	20
8728	25
8729	25
8730	25
8731	25
8732	20
8733	20
8734	20
8735	20
8736	20
8737	20
8738	25
8739	25
8740	25
8741	25
8742	25
8743	25
8744	20
8745	20
8746	20
8747	20
8748	25
8749	25
8750	25
8751	25
8752	20
8753	20
8754	20
8755	20
8756	25
8757	25
8758	25
8759	25
8763	25
8767	25
8771	25
8775	25
8779	25
8780	25
8781	25
8782	25
8783	25
8784	25
8785	25
8786	25
8787	25
8788	25
8789	25
8790	30
8792	40
8793	40
8795	30
8796	20
8797	40
8800	20
8801	0
8802	0
8803	0
8804	0
8805	0
8806	0
8807	0
8808	0
8809	0
8810	0
8811	0
8812	0
8813	0
8814	0
8815	0
8816	0
8817	0
8818	0
8819	0
8820	0
8821	0
8822	0
8823	0
8824	30
8825	30
8826	30
8827	30
8828	30
8829	30
8830	30
8831	30
8832	30
8833	40
8834	40
8835	30
8836	30
8837	35
8838	35
8839	30
8840	35
8841	30
8842	30
8843	30
8844	30
8845	30
8846	30
8847	30
8848	30
8849	30
8850	30
8851	30
8852	40
8853	30
8854	30
8855	30
8856	30
8857	30
8858	30
8859	30
8860	30
8942	25
8988	50
8989	30
8990	30
8991	30
8996	20
8997	30
9006	20
9007	20
9008	20
9011	20
9020	20
9021	25
9022	20
9023	20
9024	20
9025	20
9026	20
9027	20
9031	20
9032	20
9033	35
9034	25
9035	25
9036	25
9037	25
9038	25
9039	25
9040	35
9041	40
9046	10
9047	10
9048	10
9049	10
9050	10
9051	10
9052	10
9053	10
9054	40
9055	10
9056	10
9057	10
9058	10
9059	10
9060	10
9061	25
9066	20
9067	20
9068	15
9078	15
9079	15
9080	15
9081	15
9082	10
9083	15
9084	15
9088	20
9091	40
9092	200
9093	20
9094	30
9095	20
9096	30
9097	25
9106	40
9107	200
9108	30
9110	40
9114	15
9115	20
9116	30
9117	10
9118	10
9119	10
9120	10
9121	10
9122	10
9123	10
9124	10
9125	10
9126	10
9127	10
9128	10
9129	10
9130	10
9131	10
9132	10
9133	10
9134	10
9135	10
9136	10
9137	10
9138	10
9139	10
9140	10
9141	10
9145	20
9146	20
9147	20
9148	20
9149	20
9150	20
9157	25
9165	30
9173	30
9181	25
9182	25
9183	25
9184	25
9185	25
9186	25
9187	25
9188	30
9189	30
9190	30
9191	30
9192	30
9193	30
9194	30
9195	30
9196	30
9197	30
9198	30
9199	30
9200	30
9201	30
9202	0
9203	0
9204	0
9205	0
9206	0
9207	0
9208	0
9209	0
9210	0
9211	0
9212	0
9213	0
9214	0
9215	0
9216	0
9217	25
9218	25
9219	25
9220	25
9221	25
9222	25
9223	25
9224	25
9225	25
9226	25
9227	25
9228	25
9229	25
9230	25
9231	25
9232	30
9233	30
9234	30
9235	30
9236	30
9237	30
9238	30
9239	30
9240	30
9241	30
9242	30
9243	30
9244	30
9245	30
9246	30
9247	30
9248	30
9249	30
9250	30
9251	30
9252	30
9253	30
9254	30
9255	30
9256	30
9257	30
9258	30
9259	30
9260	30
9261	30
9262	30
9263	30
9264	30
9265	30
9266	30
9267	30
9268	30
9269	30
9270	30
9271	30
9272	30
9273	30
9274	30
9275	30
9276	30
9277	30
9278	30
9279	30
9280	30
9281	25
9282	25
9283	25
9284	0
9285	0
9286	20
9290	20
9294	25
9295	25
9296	20
9297	20
9298	20
9299	20
9300	25
9301	25
9302	25
9303	25
9304	15
9305	20
9306	20
9307	40
9308	30
9309	25
9310	25
9311	25
9312	20
9313	30
9314	25
9315	25
9316	25
9317	20
9318	25
9319	25
9320	20
9321	20
9322	20
9323	30
9324	20
9325	20
9326	20
9327	20
9328	20
9329	20
9330	20
9331	20
9332	20
9333	20
9334	20
9335	20
9336	20
9337	20
9338	20
9339	20
9340	25
9341	20
9342	20
9343	20
9344	20
9345	20
9346	20
9347	25
9348	25
9349	25
9350	20
9351	25
9354	25
9359	25
9360	25
9361	20
9362	20
9364	20
9365	30
9366	30
9375	30
9376	35
9377	30
9378	35
9379	30
9380	25
9381	25
9382	25
9383	25
9384	25
9385	25
9386	25
9387	25
9388	30
9389	25
9390	25
9391	20
9392	25
9393	20
9394	20
9395	20
9396	25
9397	25
9398	20
9399	25
9400	30
9401	20
9402	25
9403	25
9404	25
9405	20
9406	20
9408	30
9409	15
9410	40
9411	200
9412	30
9413	40
9414	200
9415	30
9416	10
9417	15
9418	15
9419	20
9420	20
9421	10
9422	15
9423	20
9424	20
9425	15
9426	10
9427	15
9428	15
9429	15
9430	10
9431	15
9432	20
9433	20
9434	20
9435	10
9436	10
9437	15
9438	20
9439	50
9440	100
9442	40
9444	25
9445	25
9446	25
9447	25
9449	40
9450	200
9451	30
9452	40
9453	200
9454	30
9455	40
9456	200
9457	30
9458	20
9459	15
9460	15
9461	20
9462	15
9463	25
9464	20
9465	20
9466	20
9467	20
9468	20
9469	15
9473	15
9474	20
9475	30
9476	35
9477	40
9478	0
9479	0
9480	20
9481	40
9482	35
9483	35
9484	35
9485	35
9486	35
9487	35
9488	40
9489	35
9490	35
9491	35
9492	35
9493	35
9494	35
9495	20
9496	15
9497	30
9498	30
9499	35
9500	25
9501	20
9502	20
9503	30
9504	20
9505	20
9506	20
9507	20
9508	20
9509	25
9514	20
9515	20
9516	50
9527	15
9528	20
9529	25
9530	40
9531	200
9532	30
9533	20
9538	20
9545	25
9546	25
9547	25
9548	25
9549	25
9550	25
9551	25
9558	30
9559	30
9560	30
9561	30
9562	30
9563	30
9564	30
9571	30
9572	30
9573	30
9574	30
9575	30
9576	30
9577	30
9578	25
9579	25
9580	25
9581	25
9582	25
9583	25
9584	25
9585	25
9586	25
9587	25
9588	25
9589	25
9590	25
9591	25
9593	20
9594	30
9595	30
9596	30
9597	30
9598	30
9599	30
9600	30
9601	30
9602	30
9603	30
9604	30
9605	30
9606	30
9607	30
9608	30
9609	30
9610	30
9611	30
9612	30
9613	30
9614	30
9615	30
9616	30
9617	30
9618	30
9619	30
9620	30
9621	30
9622	30
9623	30
9624	30
9625	30
9626	30
9627	30
9628	30
9629	30
9630	30
9631	30
9632	30
9633	30
9634	20
9640	0
9641	0
9642	0
9643	0
9644	0
9645	0
9646	0
9647	0
9648	0
9649	0
9650	0
9651	0
9652	0
9653	20
9657	25
9661	25
9662	25
9663	20
9664	20
9665	20
9666	20
9667	25
9668	25
9669	25
9670	25
9671	0
9672	0
9673	20
9674	20
9675	20
9676	20
9677	20
9678	20
9679	20
9680	20
9681	20
9682	20
9686	30
9687	30
9688	20
9689	20
9690	20
9691	20
9692	30
9693	30
9694	20
9695	25
9696	20
9697	25
9698	25
9699	25
9700	20
9701	25
9702	20
9703	25
9704	20
9705	20
9706	20
9707	25
9708	20
9709	20
9710	25
9711	25
9712	20
9713	20
9714	30
9715	35
9716	20
9717	25
9718	25
9719	25
9720	25
9721	25
9722	25
9723	35
9724	20
9725	20
9726	15
9727	20
9728	15
9729	20
9730	20
9732	20
9734	15
9735	15
9736	15
9737	15
9738	15
9739	15
9740	15
9741	15
9742	15
9743	20
9744	40
9745	15
9746	15
9747	15
9748	25
9749	15
9750	15
9751	15
9752	15
9753	20
9754	15
9755	15
9756	30
9757	20
9758	40
9760	20
9761	15
9762	15
9764	15
9765	20
9766	10
9767	10
9768	10
9769	10
9770	10
9771	10
9772	10
9778	35
9779	15
9780	15
9781	15
9782	15
9783	15
9784	15
9785	15
9787	30
9788	15
9789	15
9790	15
9791	10
9792	15
9793	25
9794	30
9795	15
9796	20
9797	25
9798	30
9799	15
9800	20
9969	15
9970	25
9971	25
9972	10
9973	10
9974	25
9975	25
9999	30
10000	40
10001	15
10002	10
10029	40
10030	200
10031	30
10034	20
10035	40
10036	200
10037	30
10045	25
10046	25
10047	25
10048	25
10049	25
10050	25
10052	25
10053	25
10054	25
10055	25
10056	25
10057	25
10058	25
10059	25
10060	25
10066	30
10067	30
10068	30
10069	30
10070	30
10071	30
10072	30
10073	30
10074	30
10075	30
10076	30
10077	30
10078	30
10079	30
10080	30
10081	30
10082	30
10083	30
10089	30
10090	30
10091	30
10092	30
10093	30
10094	30
10095	30
10096	30
10097	30
10098	30
10099	30
10100	30
10101	30
10102	30
10103	30
10104	30
10105	30
10106	30
10107	30
10108	30
10109	30
10110	30
10111	30
10112	30
10113	0
10114	0
10115	0
10116	0
10117	0
10118	0
10119	0
10120	0
10121	0
10122	0
10123	0
10124	25
10125	25
10126	30
10127	30
10128	30
10129	30
10130	15
10131	15
10132	20
10133	25
10134	15
10135	15
10136	20
10137	25
10138	20
10139	20
10140	20
10144	20
10145	20
10146	20
10148	40
10149	20
10150	20
10151	20
10152	25
10153	25
10154	30
10155	35
10156	40
10157	20
10164	40
10165	200
10166	30
10167	20
10168	40
10169	200
10170	30
10182	40
10189	30
10191	30
10192	30
10193	25
10194	25
10195	20
10196	25
10197	25
10198	30
10199	25
10200	25
10201	25
10202	25
10203	25
10204	25
10205	25
10206	25
10207	20
10208	20
10209	40
10210	200
10211	30
10221	25
10222	25
10223	25
10224	25
10225	20
10226	20
10227	20
10228	20
10229	20
10230	20
10231	20
10232	20
10233	20
10234	20
10235	20
10236	30
10237	30
10238	30
10239	30
10240	30
10241	30
10242	30
10243	30
10244	30
10245	30
10246	30
10247	30
10248	30
10249	30
10250	30
10251	30
10252	30
10253	30
10254	20
10255	20
10256	20
10257	20
10258	30
10259	30
10260	30
10261	30
10262	30
10263	30
10264	30
10265	30
10274	30
10275	30
10276	30
10277	30
10278	40
10279	40
10280	40
10281	40
10282	15
10283	30
10284	15
10285	30
10286	20
10287	15
10288	30
10289	20
10291	40
10292	200
10293	30
10294	40
10295	0
10296	15
10297	10
10298	10
10301	10
10302	30
10303	30
10304	30
10305	30
10306	0
10307	0
10309	20
10310	25
10311	25
10318	40
10323	20
10327	25
10328	25
10329	25
10330	20
10331	20
10332	20
10333	25
10334	25
10335	25
10336	25
10337	0
10338	0
10339	0
10340	0
10341	0
10342	0
10343	0
10344	0
10345	0
10346	0
10347	0
10348	0
10349	0
10350	25
10351	25
10352	25
10353	25
10354	25
10355	25
10362	30
10363	30
10364	30
10365	30
10366	30
10367	30
10368	30
10375	30
10376	30
10377	30
10378	30
10379	30
10380	30
10381	30
10382	30
10383	30
10384	35
10385	35
10387	25
10388	25
10389	25
10390	25
10391	20
10392	25
10393	20
10394	15
10395	20
10396	20
10397	20
10398	20
10402	20
10403	15
10404	15
10409	15
10410	20
10411	15
10412	30
10413	35
10414	40
10415	20
10416	15
10417	20
10418	20
10419	20
10420	20
10421	20
10422	15
10423	20
10424	20
10425	20
10429	20
10430	20
10431	20
10432	15
10433	20
10434	20
10435	20
10436	20
10437	20
10438	20
10439	20
10440	20
10441	15
10442	20
10443	30
10444	20
10445	20
10446	20
10447	20
10448	20
10449	20
10450	20
10453	20
10457	25
10458	25
10459	25
10460	20
10461	20
10462	20
10463	20
10464	25
10465	25
10466	25
10467	25
10468	0
10469	0
10473	20
10477	25
10478	25
10479	25
10480	20
10481	20
10482	20
10483	20
10484	25
10485	25
10486	25
10487	25
10488	0
10489	0
10493	20
10497	25
10498	25
10499	25
10500	20
10501	20
10502	20
10503	20
10504	25
10505	25
10506	25
10507	25
10508	0
10509	0
10510	30
10515	30
10519	30
10527	30
10532	30
10537	30
10541	30
10547	30
10553	30
10558	30
10564	20
10569	25
10570	25
10571	25
10572	25
10573	25
10574	25
10575	25
10576	30
10577	30
10578	30
10579	30
10580	30
10581	30
10582	30
10583	30
10584	30
10585	30
10586	30
10587	30
10588	30
10589	30
10590	30
10591	30
10592	30
10593	30
10594	30
10595	30
10599	30
10600	30
10601	30
10602	30
10603	30
10604	30
10605	30
10606	30
10607	30
10608	30
10609	30
10610	30
10611	30
10612	30
10613	30
10614	30
10615	30
10616	30
10617	30
10618	30
10619	30
10620	30
10621	30
10622	30
10623	30
10624	30
10625	30
10626	30
10627	30
10628	30
10629	30
10630	30
10631	30
10632	30
10633	30
10634	30
10635	30
10636	30
10637	30
10638	30
10639	30
10640	30
10641	30
10642	35
10643	30
10644	35
10645	30
10646	35
10647	30
10648	35
10649	35
10650	40
10651	40
10652	20
10653	20
10654	20
10658	20
10659	25
10660	30
10661	30
10662	30
10663	35
10664	25
10665	30
10667	20
10668	20
10669	20
10670	20
10671	20
10672	20
10673	20
10674	20
10675	25
10676	25
10677	25
10678	25
10679	25
10680	25
10681	35
10692	30
10699	30
10707	30
10714	30
10721	30
10722	40
10724	10
10725	20
10726	20
10727	35
10728	20
10729	35
10730	15
10731	20
10732	20
10733	25
10734	30
10735	35
10736	10
10737	10
10738	10
10739	10
10740	10
10741	10
10742	10
10743	10
10744	10
10745	10
10746	10
10747	10
10748	10
10749	15
10750	15
10751	15
10752	15
10753	15
10754	20
10755	20
10756	20
10757	20
10758	20
10759	20
10760	20
10761	20
10762	20
10763	20
10764	20
10765	20
10766	20
10767	20
10768	20
10769	20
10770	20
10771	20
10772	15
10773	20
10776	25
10777	30
10778	35
10779	40
10780	30
10781	30
10782	20
10783	20
10784	20
10785	20
10786	25
10787	20
10788	20
10789	20
10790	20
10791	25
10792	25
10793	30
10794	25
10795	25
10796	30
10797	30
10798	30
10799	30
10800	30
10801	25
10802	30
10803	20
10805	10
10806	10
10807	10
10808	10
10809	10
10810	10
10811	20
10813	40
10815	20
10817	15
10821	15
10823	15
10826	20
10827	200
10828	30
10829	20
10830	20
10832	20
10834	40
10835	200
10836	30
10837	15
10838	15
10839	20
10840	20
10841	25
10842	20
10843	30
10844	20
10845	30
10846	30
10847	20
10848	20
10849	30
10850	40
10851	25
10852	20
10853	0
10854	35
10861	25
10862	25
10863	25
10864	25
10865	25
10866	25
10867	25
10868	25
10869	25
10870	25
10871	25
10872	25
10873	25
10874	25
10875	25
10876	25
10877	30
10884	30
10885	30
10886	30
10887	30
10888	30
10889	30
10890	30
10891	30
10892	30
10893	30
10894	30
10895	30
10896	30
10897	30
10898	30
10899	30
10900	30
10901	30
10902	30
10903	30
10904	30
10905	30
10906	30
10913	30
10914	30
10915	30
10916	30
10917	30
10918	30
10919	30
10920	30
10921	30
10922	30
10923	30
10924	30
10925	30
10926	30
10927	30
10928	30
10929	30
10930	30
10931	30
10932	30
10933	30
10934	30
10935	30
10936	30
10937	30
10938	30
10939	30
10940	30
10941	0
10942	0
10943	0
10944	0
10945	0
10946	0
10947	0
10948	0
10949	0
10950	0
10951	0
10952	0
10953	20
10957	25
10961	25
10962	25
10963	20
10964	20
10965	20
10966	20
10967	25
10968	25
10969	25
10970	25
10971	0
10972	0
10973	30
10974	35
10975	30
10976	35
10978	40
10979	40
10980	40
10981	40
10982	40
10983	25
10984	20
10985	30
10986	20
10987	30
10988	30
10989	30
10990	40
10991	20
10992	20
10993	20
10997	20
10998	20
10999	20
11000	20
11001	20
11006	20
11007	30
11008	40
11009	30
11010	20
11011	40
11012	40
11013	40
11015	40
11016	20
11017	20
11018	20
11020	40
11021	200
11022	30
11023	40
11024	200
11025	30
11026	20
11027	40
11029	30
11030	30
11031	25
11032	30
11033	30
11034	25
11035	25
11036	25
11037	30
11038	25
11039	25
11040	25
11041	25
11042	25
11043	25
11044	20
11046	15
11047	15
11048	15
11049	15
11050	20
11051	20
11052	15
11053	20
11054	25
11055	30
11056	35
11057	40
11064	0
11065	15
11066	20
11067	25
11068	25
11069	20
11070	30
11071	20
11072	30
11073	30
11074	30
11075	40
11076	40
11077	200
11078	30
11079	0
11081	40
11082	200
11083	30
11084	20
11085	20
11086	40
11087	40
11088	40
11089	40
11090	40
11091	0
11092	0
11093	0
11094	0
11095	0
11096	0
11097	0
11098	0
11099	0
11100	0
11101	0
11102	0
11103	0
11104	0
11105	0
11112	20
11113	25
11114	25
11115	25
11122	25
11123	25
11124	25
11125	25
11126	25
11127	25
11128	25
11135	30
11136	30
11137	30
11138	30
11139	30
11140	30
11141	30
11148	30
11149	30
11150	30
11151	30
11152	30
11153	30
11154	30
11155	20
11156	20
11157	20
11158	20
11159	25
11160	25
11161	25
11162	25
11163	25
11165	25
11166	25
11167	25
11168	25
11169	25
11171	30
11172	30
11173	30
11174	30
11175	30
11176	30
11177	30
11178	30
11179	30
11180	30
11181	30
11182	30
11183	30
11184	30
11185	30
11186	30
11187	30
11188	30
11189	30
11190	30
11191	30
11192	30
11193	30
11194	30
11195	30
11196	30
11197	30
11198	30
11199	30
11200	30
11201	30
11202	30
11203	30
11204	30
11205	30
11206	30
11207	30
11208	30
11209	30
11210	30
11211	35
11212	20
11213	40
11215	25
11216	30
11217	30
11219	20
11220	20
11221	30
11222	30
11223	20
11224	20
11225	20
11226	20
11227	15
11228	15
11229	30
11230	35
11231	40
11232	20
11233	15
11234	20
11239	15
11240	20
11241	25
11242	15
11243	20
11244	20
11245	20
11246	20
11247	20
11248	15
11253	25
11254	20
11255	20
11256	25
11257	20
11258	20
11259	20
11260	20
11261	20
11266	20
11271	20
11275	20
11280	20
11284	20
11285	20
11286	25
11287	25
11288	25
11289	25
11290	25
11291	25
11292	35
11293	40
11294	20
11295	20
11296	20
11300	20
11301	20
11302	20
11310	30
11315	30
11316	20
11317	30
11318	30
11319	25
11320	20
11321	20
11323	35
11324	15
11325	20
11326	15
11327	20
11328	25
11329	30
11330	35
11331	40
11332	20
11333	15
11340	15
11345	15
11354	15
11365	15
11366	20
11367	25
11368	20
11369	15
11372	40
11373	40
11375	25
11376	25
11377	25
11378	20
11379	25
11380	25
11381	20
11382	25
11383	20
11384	25
11385	30
11386	25
11387	30
11388	25
11389	20
11390	25
11391	30
11392	20
11393	30
11394	30
11395	30
11396	30
11397	30
11398	30
11399	30
11400	25
11401	10
11402	15
11403	15
11404	15
11405	30
11406	15
11407	20
11408	25
11409	30
11410	15
11411	25
11412	35
11413	20
11414	35
11415	20
11416	15
11417	20
11418	25
11419	30
11420	15
11421	25
11422	35
11423	15
11424	25
11425	35
11426	15
11427	20
11428	25
11429	30
11430	15
11431	25
11432	35
11433	15
11434	25
11435	35
11436	20
11437	20
11438	20
11439	20
11440	10
11441	25
11442	15
11445	20
11446	25
11447	20
11448	30
11449	20
11450	30
11451	30
11452	30
11453	40
11456	40
11457	200
11458	30
11459	40
11460	200
11461	30
11462	20
11463	20
11471	40
11473	200
11474	30
11476	40
11483	25
11484	25
11485	25
11486	25
11487	25
11488	25
11494	30
11495	30
11496	30
11497	30
11498	30
11499	30
11505	30
11506	30
11507	30
11508	30
11509	30
11510	30
11511	0
11512	0
11513	0
11514	0
11515	0
11516	0
11517	0
11518	0
11519	0
11520	0
11521	0
11523	10
11524	10
11525	10
11526	20
11527	25
11528	25
11529	25
11530	25
11531	25
11532	25
11533	30
11534	30
11535	30
11536	30
11537	30
11538	30
11539	30
11540	30
11541	30
11542	30
11543	30
11544	30
11545	30
11546	30
11547	30
11548	30
11549	30
11550	30
11551	30
11552	30
11553	30
11554	30
11555	30
11556	30
11557	30
11558	30
11559	30
11560	30
11561	30
11562	30
11563	30
11567	15
11571	20
11572	40
11573	30
11574	30
11575	20
11576	30
11577	35
11578	20
11582	20
11583	20
11584	20
11585	20
11586	20
11587	20
11588	25
11589	25
11590	25
11591	25
11592	25
11593	25
11594	40
11595	200
11596	30
11597	40
11598	200
11599	30
11600	20
11602	40
11609	25
11610	25
11611	20
11612	30
11613	25
11614	25
11615	25
11616	25
11617	30
11618	30
11619	25
11620	30
11621	15
11624	40
11625	40
11626	15
11627	20
11628	15
11635	25
11636	25
11637	20
11638	30
11639	25
11640	25
11641	40
11642	200
11643	30
11644	20
11645	40
11646	200
11647	30
11648	20
11649	40
11650	200
11651	30
11652	20
11657	20
11661	25
11662	25
11663	25
11664	0
11665	0
11669	20
11673	25
11674	25
11675	25
11676	0
11677	0
11681	20
11685	25
11686	25
11687	25
11688	0
11689	0
11693	20
11697	25
11698	25
11699	25
11700	0
11701	0
11708	25
11709	25
11710	25
11711	25
11712	25
11713	25
11714	25
11721	30
11722	30
11723	30
11724	30
11725	30
11726	30
11727	30
11734	30
11735	30
11736	30
11737	30
11738	30
11739	30
11740	30
11741	0
11742	0
11743	0
11744	0
11745	0
11746	0
11747	0
11748	0
11749	0
11750	0
11751	0
11752	0
11753	0
11754	20
11755	60
11756	70
11757	80
11758	100
11760	0
11761	20
11762	20
11763	20
11764	20
11765	25
11766	25
11767	25
11768	25
11769	20
11770	20
11771	20
11772	20
11773	25
11774	25
11775	25
11776	25
11777	20
11778	20
11779	20
11780	20
11781	25
11782	25
11783	25
11784	25
11785	20
11786	20
11787	20
11788	20
11789	25
11790	25
11791	25
11792	25
11793	25
11794	25
11795	25
11796	25
11797	25
11798	25
11799	25
11800	30
11802	30
11803	30
11804	30
11805	30
11806	30
11807	30
11808	30
11809	30
11810	30
11811	30
11812	30
11813	30
11814	30
11815	30
11816	30
11817	30
11818	30
11819	30
11820	30
11821	30
11822	30
11823	30
11824	30
11825	30
11826	30
11827	30
11828	30
11829	30
11830	30
11831	30
11832	30
11833	30
11834	30
11835	30
11840	20
11841	30
11842	30
11843	30
11844	30
11845	30
11846	30
11847	30
11848	30
11849	40
11850	40
11851	40
11852	35
11853	40
11854	30
11855	20
11856	40
11857	40
11858	40
11862	30
11863	30
11864	15
11865	15
11866	25
11867	15
11868	20
11869	20
11870	20
11871	20
11872	20
11878	15
11879	20
11880	20
11881	15
11882	30
11883	35
11884	40
11885	20
11886	25
11887	25
11888	25
11889	25
11890	25
11891	25
11892	35
11893	30
11894	30
11895	35
11896	35
11904	30
11908	30
11913	30
11919	30
11926	30
11935	30
11936	40
11937	20
11938	20
11939	20
11940	20
11941	20
11942	20
11943	20
11944	20
11945	20
11946	20
11947	20
11948	20
11949	15
11950	25
11955	20
11960	20
11964	20
11965	20
11966	20
11967	20
11968	20
11974	20
11975	20
11979	20
11980	20
11981	30
11982	30
11983	30
11984	30
11985	30
11986	30
11987	30
11988	30
11989	30
11990	35
11991	30
11992	35
11993	30
11994	35
11995	30
11996	35
11997	20
11999	20
12000	20
12002	20
12008	20
12009	15
12010	20
12011	25
12012	15
12013	15
12016	15
12017	15
12018	15
12019	20
12020	25
12022	20
12023	20
12028	20
12029	20
12031	40
12032	40
12034	15
12035	25
12036	20
12037	20
12038	25
12039	20
12040	20
12041	20
12042	20
12043	30
12044	30
12045	30
12046	30
12047	25
12048	30
12049	30
12050	30
12051	30
12052	30
12053	30
12054	30
12055	20
12057	15
12058	20
12059	20
12060	20
12061	25
12062	20
12064	25
12065	25
12066	20
12067	20
12068	15
12069	20
12070	25
12071	30
12072	35
12073	40
12074	15
12075	20
12076	25
12077	30
12078	35
12079	40
12080	15
12081	20
12082	25
12083	30
12084	35
12085	40
12086	10
12087	10
12088	15
12089	15
12090	20
12093	20
12094	35
12095	35
12096	35
12098	40
12099	200
12100	30
12101	20
12102	40
12103	0
12104	40
12105	40
12106	200
12107	30
12108	20
12109	20
12110	20
12111	20
12112	0
12113	0
12114	0
12115	0
12116	0
12117	0
12118	0
12119	0
12120	0
12121	0
12122	0
12123	0
12124	0
12125	0
12126	0
12127	0
12128	0
12129	0
12130	0
12131	0
12132	0
12133	0
12137	20
12138	20
12139	20
12140	20
12141	20
12142	20
12149	25
12150	25
12151	25
12152	25
12153	25
12154	25
12155	25
12162	30
12163	30
12164	30
12165	30
12166	30
12167	30
12168	30
12175	30
12176	30
12177	30
12178	30
12179	30
12180	30
12181	30
12182	0
12183	0
12184	0
12185	0
12186	0
12187	0
12188	0
12189	0
12190	0
12191	0
12192	0
12193	0
12194	0
12195	30
12196	30
12197	0
12198	0
12199	0
12202	20
12203	20
12204	15
12205	20
12206	20
12207	20
12208	20
12209	20
12210	25
12211	25
12212	25
12213	25
12214	25
12215	25
12216	30
12217	30
12218	30
12219	30
12220	30
12221	30
12222	30
12223	30
12224	30
12225	30
12226	30
12227	30
12228	30
12229	30
12230	30
12231	30
12232	30
12233	30
12234	30
12235	30
12236	30
12237	30
12238	30
12239	30
12240	30
12241	30
12242	30
12243	30
12244	30
12245	30
12246	30
12247	30
12248	30
12249	30
12250	30
12251	35
12252	20
12253	20
12254	20
12255	40
12256	30
12257	30
12258	15
12259	15
12260	15
12263	40
12264	20
12265	25
12266	25
12267	20
12268	20
12269	25
12270	25
12271	25
12272	30
12273	30
12274	30
12275	25
12276	25
12277	25
12278	25
12279	15
12280	20
12281	25
12282	30
12283	25
12284	25
12285	20
12286	25
12287	25
12288	30
12289	25
12290	35
12291	30
12292	20
12293	30
12294	20
12295	30
12296	20
12298	0
12299	0
12300	15
12301	25
12302	10
12303	30
12304	15
12305	15
12306	20
12307	30
12326	40
12327	200
12328	30
12329	20
12330	40
12331	200
12332	30
12335	20
12341	25
12342	25
12343	25
12344	25
12345	25
12346	25
12347	25
12348	25
12349	25
12350	25
12351	25
12357	30
12358	30
12359	30
12360	30
12361	30
12362	30
12363	30
12364	30
12365	30
12366	30
12367	30
12368	30
12369	30
12370	30
12371	30
12377	30
12378	30
12379	30
12380	30
12381	30
12382	30
12383	30
12384	30
12385	30
12386	30
12387	30
12388	30
12389	30
12390	30
12391	30
12392	30
12393	30
12394	30
12395	30
12396	30
12397	30
12398	30
12399	0
12400	0
12401	0
12402	0
12403	0
12404	0
12405	0
12406	0
12407	0
12408	0
12409	0
12413	25
12414	25
12415	25
12416	25
12417	25
12418	25
12419	0
12420	0
12421	0
12422	0
12423	0
12424	0
12425	0
12426	0
12427	0
12428	0
12429	0
12430	0
12431	0
12432	0
12433	0
12434	0
12435	0
12436	0
12437	0
12438	0
12439	0
12440	0
12441	0
12442	0
12443	0
12444	0
12445	0
12446	0
12447	0
12448	20
12449	20
12450	20
12451	20
12452	20
12453	15
12456	20
12460	20
12464	20
12468	20
12469	25
12470	20
12471	20
12472	20
12473	20
12474	20
12475	20
12476	20
12477	20
12478	20
12479	20
12480	15
12481	15
12482	15
12483	20
12484	40
12485	25
12486	25
12487	20
12488	20
12489	20
12490	20
12491	20
12492	20
12493	20
12494	20
12495	20
12496	15
12497	25
12498	20
12499	20
12500	20
12501	20
12502	20
12503	20
12506	15
12507	20
12508	20
12509	30
12510	35
12511	25
12512	25
12513	25
12514	25
12515	25
12516	25
12517	35
12521	40
12522	30
12523	30
12524	30
12527	40
12532	20
12533	40
12534	25
12535	20
12536	30
12537	20
12538	30
12539	40
12540	30
12541	30
12542	40
12543	35
12544	200
12545	40
12549	20
12550	20
12551	20
12552	20
12553	20
12554	20
12555	20
12556	30
12557	35
12558	40
12563	30
12564	30
12565	30
12566	30
12567	30
12568	0
12569	0
12572	40
12574	15
12575	15
12576	15
12577	15
12578	25
12579	25
12580	20
12581	25
12582	25
12583	20
12584	30
12585	30
12586	30
12587	30
12588	30
12589	30
12590	30
12591	30
12592	30
12593	30
12594	30
12595	25
12596	25
12597	20
12598	20
12599	20
12600	20
12601	20
12602	20
12603	20
12604	25
12605	20
12607	40
12608	40
12609	20
12610	25
12611	25
12612	25
12620	20
12622	40
12623	40
12624	200
12625	30
12626	20
12627	20
12628	20
12629	20
12630	40
12631	200
12632	30
12633	20
12639	25
12645	30
12646	25
12647	25
12648	25
12649	25
12650	25
12651	30
12652	30
12653	30
12654	30
12655	30
12656	30
12657	30
12663	30
12664	25
12665	25
12666	25
12667	25
12668	25
12669	30
12670	30
12671	30
12672	30
12673	25
12674	25
12675	25
12676	25
12677	25
12678	25
12679	25
12680	25
12681	25
12682	25
12683	25
12684	30
12685	30
12686	30
12687	30
12688	30
12689	30
12690	30
12691	30
12692	30
12693	30
12694	30
12695	30
12696	30
12697	30
12698	30
12699	30
12700	30
12701	30
12702	30
12703	30
12704	30
12705	30
12706	30
12707	30
12708	30
12709	30
12710	30
12711	30
12712	30
12713	30
12714	30
12715	30
12716	30
12717	30
12718	30
12719	30
12720	30
12721	0
12722	0
12723	0
12724	0
12725	0
12726	0
12727	0
12728	0
12729	0
12730	0
12731	0
12732	0
12733	0
12736	30
12737	30
12738	30
12739	30
12740	30
12741	30
12742	30
12745	20
12746	20
12747	20
12748	20
12749	20
12750	20
12754	20
12755	20
12756	20
12757	20
12758	20
12759	20
12760	30
12761	35
12762	30
12763	30
12764	40
12765	20
12766	30
12767	25
12768	20
12769	20
12770	20
12771	20
12772	20
12773	20
12774	20
12775	20
12776	20
12777	20
12778	20
12780	40
12782	40
12784	40
12785	20
12786	20
12787	10
12788	10
12789	10
12790	10
12791	10
12792	10
12793	10
12794	10
12795	10
12796	10
12797	10
12798	25
12799	20
12800	30
12801	20
12802	30
12803	30
12804	30
12805	40
12806	25
12807	25
12808	20
12809	25
12810	25
12811	25
12812	30
12813	30
12814	25
12815	20
12816	25
12817	25
12818	25
12819	25
12820	20
12821	25
12822	25
