ID	Name	Achievements
0		
1	阅历	706|1|2|3|4|5|6|7|1877|3434|4927|6804|9033|10649|11852
2	经历	579|705|104|8|9|10|2335|9114
3	战斗	165|166|167|168|707|3432|3433
4	交流	11|12|13|709|710|708|4453
5	朋友	26|27|28|29|30|31|32|33|676|675|674|673|672|4492|4491|4493|4456
6	师徒	1095|1094|1103|1232
7	金钱	371|372|373|890|891
8	包裹	711|14|15|16|17|18|19|20|21|2334|22|23|24
9	称号	713|712|151|152
10	科举	1289|1290|1291|1292|1295|1296|1270|1271|1297
11	易容	2596|153|2600|2854|4656|10978|11085|12521|12527|12533|12539
12	亲传	2691|2692|2697|2698
13	换装	5193|2767|2768|2916|2917|2918|2919|2920|2921|2922|2923|2924|2925|2930|2935|2940|2945|2950|2981|3757|3758|3759|3760|3761|3762|4032|4047|4264|4446|7431|7796|8997
14	跟宠	3186|3187|3188|3189|3190|3191|3192|3193|3194|3195|3797|3798|3799|3800|3801|3802|3923|3924|3925|3926|4048|4049|4050|4051|4052|4220|4221|4222|4223|4224|4225|4226|4227|4228|4229|4230|4231|4232|4233|4234|4235|4236|4458|4459|4460|4461|4462|4576|4577|4578|4579|4580|4614|4615|4616|4617|4618|4619|4620|4976|4977|4978|4979|4980|4981|4982|5337|5338|5339|5437|5438|5439|5440|5653|5654|5655|5656|5814|5815|5816|5838|6011|6012|6013|6014|6017|6037|6038|6039|6040|6041|6042|6043|6044|6218|6219|6220|6221|6698|6699|6700|7097|7098|7099|7105|7106|7107|7108|7109|7132|7145|7457|7458|7459|7460|7461|7463|7464|7465|7466|7467|7468|7469|7470|7471|7472|7475|7476|7803|7804|7805|7842|7843|7844|7845|9025|9026|9027|9066|9148|9149|9150|9677|9678|9679|9724|9725|10144|10145|10146|10149|10150|10157|10670|10671|10672|10673|10674|10997|10998|10999|11018|11300|11301|11302|11316|11320|11445|11575|11578|11585|11586|11587|11588|11589|11590|11591|11592|11593|11637|11940|11941|11942|11943|11997|12066|12067|12140|12141|12142|12252|12253|12254|12552|12553|12554|12555|12757|12758|12759|12750|12785|12786
15	外观收集	4237|4238|4242|4244|4248|4252|4256|4260
16	天策招式	36|37|38|41|42
17	万花招式	43|44|46|47|48|3830
18	七秀招式	49|50|51|53|54|3833
19	少林招式	55|56|3827|3828|3829|5808
20	纯阳招式	62|63|65|66|67|3831|3832
21	藏剑招式	1359|1360|1362|3836|3837|3838
22	轻功学习	73|74|668
23	轻功试炼	1345|3436|3437|1896|2005|3438|3439|1816|1831|3440|3441|1860|1853|382|75|76|77|78|79|80|81|82|83|84|85|86|87|88|89|2707|3303|3839|4301|4962|4963|4964|4965|4966|5593|5636|6543|6549|6676|6702|6719|7067|7242|7249|7849|8658|8664|8683|8696|8705|9461|9495|10393|10421|10430|10435|10440|11240|11254|11368|11879|11979|12208|12456|12507
24	秘籍获取	719
25	五毒招式	1743|1745|1746|1747|1748|3834
26	唐门招式	2709|2711|2712|2713|2714|3835
27	明教招式	3285|3286|3287|3288|3289
28	丐帮招式	3442|3443|3444|3445|3446|3447
29	苍云招式	4303|4304|4305|4306|4307|4308
30	长歌招式	4651|4652|4653|4654|5127|5128
31	霸刀招式	5474|5475|5476|5477|5478|5479
32	气海丹田	99|100|101|102|103
34	打通奇穴	7133|7134|7135|7136|7137|7138|7139|7140|7141|7142|7143
35	传功助人	128
36	装备品质	131|3448|3449|132|35|3450|3451|90|374|2902|2903|2904|2905|2906|2907|4309|4967|4968|4969|4970|4971|7474|8833|8834|9758|10156|10650|10651|11015|11293|11572|11849|11850|11851|12255|12558|12764
37	门派装备	133|135|137|139|1366|1898|3316|3452|4310|4983|5480|6694|7234|8657|141|2759|9462|10394|11228|11864
40	五行石	1305|1312|1314|1316|1317|1508|1509|1513|1514|1515
41	挂件收集	1903|1904|1905|1906|1907|1908|730|731|732|733|1561|11317|11318|11573|11574|11755|11756|11757|11758|11862|11863|12256|12257|12522|12523|12762|12763
42	五彩石	2910|2911
44	技艺神农	218|226|234|247|248|249|250|251|734|2273|2274|2275|2276|5113|5114|5115|6805|8825|10609|10617|11841
45	技艺采金	219|227|235|242|243|244|245|246|735|263|2278|2279|5116|5117|5118|6806|8826|10610|10620|11842
46	技艺庖丁	220|228|236|252|253|254|255|256|257|2277|751|5119|5120|6717|6718|6807|8827|10611|10623|11843
47	技艺医术	221|229|237|736|258|259|260|261|262|264|753|265|266|1146|1147|5121|6808|8828|10612|10626|11844
48	技艺铸造	2356|2355|222|230|238|737|739|276|277|278|279|280|754|5122|6809|8829|2280|10613|10629|11845
49	技艺缝纫	223|231|239|741|738|755|2296|5123|6810|8830|2297|10614|10632|11846
50	技艺烹饪	224|232|240|743|744|745|267|268|269|270|271|272|273|274|275|1144|1145|5124|6811|8831|10615|10635|11847
51	江湖美味	746|747|748|749|300|2325|2326|2327|2328|2329|2330|2331|2332
52	饥不择食	307|308|309|310|311
53	有难同当	313|314|315|316|317
54	使用物品	323|325|320|321|1213|1138|1139|1140|1141|2350|2351|2352|2353|5186
55	技艺驯马	3152|3165|3166|3180|3181|3182|3183|3257|4187|3156|3170
57	技艺寻宝	2703|2704|3292|3293|4283|4284|4285|4293|4288
58	江湖身份	5375|5376|5379|5380|5381|5385|5386|5387|5388|5389|5390|5391|5392|5394|5395|5396|5397|5398|5399|5651|5652|5666|5673|5674|5675|5676|5677|5678|5679|5377|5378|5393|5384|5383|5382|5436|5650|5660|5667
60	杂集	326|327|329|330|331|333|336|337|338|339|340|343|344|345|347|349|352|353|357|358|360|363|365|5190|5191|5192
61	道集	350|362|359|354|351|342
62	佛学	361|364|356|355|348|346|341|335|334|332|328
63	杂集套书	2071|2080|2089|2098|2107|2116|2125|2133|2141|2148|2154|2161|2166|2172|2181|2190|2199|2206|2211|2216|2221|2226|2232|2237|2242|2247|2252|2257|2262|2267|4188
64	任务基础	756
65	日常任务	758
66	协助任务	566|5982|5983
67	阵营任务	563
68	稻香村·前尘任务	375|677|678|679|6205
69	长安任务	383|408|762|764
70	洛阳任务	786|761|772|788|787
71	扬州任务	384|409|765|766|767
72	少林任务	376|682|410|681|400
73	纯阳任务	377|401|411|412|413|5981
74	万花任务	378|402|414|415|416
75	七秀任务	379|403|417|418|419
76	天策任务	380|404|421|420|422
77	藏剑任务	1337|1352|1354|1355
78	五毒任务	3020|1878|1889|1890|1891|1892|1876
79	洛道任务	386|423|769|770
80	寇岛任务	387|424|695|693|694
81	枫华谷任务	388|427|691|690|692
82	金水镇任务	389|425|426|689|688
83	龙门荒漠任务	390|428|429|430
84	巴陵县任务	393|785|863|922
85	昆仑山任务	391|431|685|687
86	南屏山任务	392|432|433|684|683
87	浩气盟任务	781|405|782|783|784
88	恶人谷任务	406|923|924|926
89	瞿塘峡任务	789|435
90	成都任务	1807|1808|1809|1810|1811|1812|2354
91	融天岭任务	1817|1818|1819|1820|1821|1822
92	黑龙沼任务	1832|1833|1834|1835|1836|1837|1838
93	白龙口任务	1854|1855|1856|1857|1858
94	无量山任务	1861|1862|1863|1864|1865|1866|1867|1868
95	公共任务	2294|2295|1826|1827|1828|3824|394
96	唐门任务	2705|2754|2755|2756|2758
97	苍山洱海任务	3117|3118|3119|3122|6442
98	明教任务	3294|3295|3296|3297|3299|3300|3304
99	丐帮任务	3454|3455|3456|3457|3458|3459|3518
100	劫后洛阳任务	3460|3461|3462|3463|3464|3465
101	劫后长安任务	3466|3467|3468|3469|3470|3471
102	劫后天策任务	3472|3473|3474|3475|3476|3477
103	劫后枫华谷任务	3478|3479|3480|3481|3482|3483
104	马嵬驿任务	3484|3485|3486|3487|3488|3489
105	长安城任务	3847|3848|3849|3850
106	苍云任务	4311|4312|4313|4314|4315|4316|4471|4475
107	太原任务	4317|4318|4319|4320
108	长歌任务	4985|4989|4988|4986|4990
109	五台山任务	4991|4992|4993|4994|4995|4996
110	千岛湖任务	4997|4998|4999|5000|5001|5002|5184
111	黑戈壁任务	5003|5004|5005|5006|5007|5008|5185
112	阴山大草原任务	5009|5010|5011|5012|5013|5014
113	霸刀任务	5481|5482|5483|5484|5485|5486
114	洛阳城任务	5629|5630|5631|5632|5633
115	行走江湖	6383|6384|6385|6386|6387|3490|2655|1875|3491|3492|1894|1917|3493|3494|1918|1814|3495|1852|1338|575|437|438|439|577|578|441|442|443|445|446|447|448|449|450|451|452|453|3116|3302|3851|3904|4323|4324|4957|4958|4959|4960|4961|5487|5634|6222|7066|7235|7243|7833|7928|8655|8663|8674|8686|8701|9304|9460|9496|9764|10409|10416|10422|10432|10441|10296|11233|11248|11369|11621|11865|11949|12204|12453|12496
116	行侠仗义	3496|3497|3498|1874|1859|3499|3500|1825|1813|3501|1893|459|461|462|463|464|465|466|467|468|469|1280|1281|1283|2760|3123|3301|3852|4325|5015|5017|5018|5019|5165|5166|5167|5168|5488|5637|5833|5834|5835|5836|6542|6550|6677|6701|6720|6818|6819|6820|6821|7218|7219|7236|7256|8654|8671|8682|8688|8714|8989|8990|8991|4583|1356|458|456|457|460|5016|8687|9474|9503|9509|10302|10303|10304|10305|10410|10417|10431|10436|10442|11234|11253|11880|11980|12209|12495|12508
117	江湖风云	3502|470|473|476|4584
118	江湖知己	1895|1815|3517|486|487|488|489|490|2706|3184|3305|4327|4333|5032|5473|481|482|483|484|485|480|479|1869|3508|3512|1339|3855|3858|4328|5021|5027|5594|6692|7241|8662|9473|10404|11239|11878|12506
119	江湖奇遇	3528|3538|3539|3862|3863|3864|3865|3866|3867|3868|3869|3870|3871|3872|4472|4473|4474|4487|4497|4605|4606|4607|4608|4609|4610|4611|4612|4613|5176|5177|5178|5179|5187|5194|5195|5196|5197|5198|5199|5200|5328|5329|5330|5340|5441|5442|5443|5445|5446|5447|5448|5657|5658|5659|5690|5691|5811|5812|5813|5837|5997|6018|6019|6020|6028|6029|6030|6031|6032|6033|6034|6035|6187|6188|6189|6208|6271|6695|6696|6697|7102|7103|7104|7445|7446|7447|7456|7494|7797|7798|7799|7873|7874|7890|7891|3523|3529|3536|3873|6036|6190|9022|9023|9024|9110|9145|9146|9147|9307|9442|9593|9680|9681|9682|9732|9757|10034|10138|10139|10140|10148|10182|10652|10653|10654|10803|10811|10813|10832|10991|10992|10993|11027|11213|11294|11295|11296|11372|11373|11463|11476|11582|11583|11584|11602|11625|11624|11937|11938|11939|12031|12032|12093|12137|12138|12139|12263|12545|12549|12550|12551|12572|12607|12608|12622|12754|12755|12756|12782|12780|12784
120	切磋比武	181|5988|5990
121	洛阳擂台	170|580|173|176|179|180
122	扬州擂台	796|803
123	神农洇	203|207|5696|5697|5698|5699|5700|5701|5702
124	三国古战场	212|215|136|3049|3046|3047|144
125	云湖天池	185|186|187|189|190|191|194
126	九宫棋谷	1220|1223|1225|1226|1227|1228|1229|1230
127	西风古道	1498|1502|1503|2474|2475|2476|2477|2478|2479|2480|2481|2483
128	名剑大会	2762|2764|2765|2766|10318|12090
129	雪原争锋	3262|3265|3266|3267|3268|3269|3270|3272|3271
130	狂意江湖	3428|3429|3430|3431
131	群雄逐鹿	3891|3892|3893
132	逐鹿中原	4181|4182|4183|4184|4185|4186
133	浮香丘	4211|4213|4215|4216|4217
134	城市声望	503|504|505|6443|6444|6445
135	门派声望	1346|3541|1881|506|507|508|509|510|2708|3306|4334|5033|5489|6446|6447|6448|6449|6450|6451|6452|6453|6454|6455|6456|6457|6458|6683|6684|7230|7231|8652|8653|9475|9476|10412|10413|11229|11230|11882|11883
136	势力声望	3542|1882|1883|3543|3544|1884|1885|3545|3546|1886|1887|3547|3548|1879|3549|1880|514|819|820|821|822|823|2396|3120|3185|3894|3895|3896|3897|3927|3928|4045|4053|4054|4055|4198|4199|4335|4336|4337|4338|4339|4340|4341|4342|4646|5034|5035|5036|5037|5038|5039|5040|5041|5042|5043|5044|5110|5111|5112|5336|5444|5490|5491|5492|5493|5817|5818|5819|5991|5992|5993|5994|5995|5996|6197|6198|6459|6460|6461|6462|6463|6464|6465|6466|6467|6468|6469|6470|6471|6472|6473|6474|6475|6476|6477|6478|6479|6480|6481|6482|6483|6484|6485|6486|6487|6488|6489|6490|6491|6492|6493|6494|6495|6496|6497|6498|6499|6500|6501|6502|6503|6504|6505|6506|6507|6508|6509|6510|6511|6512|6513|6514|6515|6516|6517|6518|6519|6520|6521|6522|6523|6524|6525|6526|6527|6528|6529|6530|6531|6532|6536|6559|6560|6561|6562|6771|6772|6773|6774|6775|6776|6777|6778|6779|6780|6783|6784|6785|6786|6787|6788|6789|6790|7070|7071|7093|7094|7095|7096|7245|7246|7258|7259|7260|7261|7439|7440|7441|7442|7443|7444|7477|7478|7875|7876|8672|8673|8684|8685|8694|8695|8703|8704|8835|8836|8837|8838|8839|8840|9375|9376|9377|9378|9498|9499|9714|9715|10154|10155|10382|10383|10384|10385|10641|10642|10643|10644|10645|10646|10647|10648|10973|10974|10975|10976|11210|11211|11576|11577|11893|11894|11895|11896|11989|11990|11991|11992|11993|11994|11995|11996|12250|12251|12509|12510|12556|12557|12760|12761
137	阵营声望	511|512|6533|6534
138	秘境总览	7307|8797|2444|5092|5100|5108|2427|2428|2430|2429|2432|2433|2438|2434|2425|2436|2435|5085|5086|5087|5094|5093|5091|5089|5090|5088|5096|5098|5097|5099|5102|5101|5095|5103|5104|5106|5105|5107|7309|7314|7308|7310|7311|7312|7313|8790|8796|8792|8793|8795|9041|11008|11009|11010|11011|11012|11013|11853|11854|11855|11856|11857|11858
139	秘境任务	1269|540|541|825|826|827|828|830|938|939|940|941|2473|2775|2855|3610|4385|4888|5045|5227|5530|6824|7232|7432|8651|9305|9306|9480|10415|11232|11885
140	风起稻香·五人秘境	647|539|538|537|536|535|528|527|526|525|524|523|522|521|1425|1347|824|533|534|532
141	风起稻香·团队秘境	1453|1452|1448|1444|1440|1436|1407|1406|1550|1540|1272|529
142	风起稻香·五人传说	1169|1168|1167|1163|1134|1133|1132|1131|1129|1128|1127|1126|835|834|833|832|542
143	风起稻香·团队传说	1560|1555|1545|1450|1449|1446|1445|1442|1441|1438|1437|1409|1408|1405|1404
144	巴蜀风云·五人秘境	3229|2722|2740|3219|2736|2718|1988|1977|1966|1952|1940|1922|1802|1789|1778|1766|1741
145	巴蜀风云·团队秘境	3408|3071|3068|2681|2680|2533|2493|2389|2012|2019|530|2492|2495|2534|2536|2397|2390|2289|2299|2304|2018|3205|3199|3098|3077|3050|2974|2951|2856|2535|2526|2494|2485|2391|2382|2298|2310|2306|293|2290|2052|2049|2013|531|2300
146	巴蜀风云·五人传说	3238|3237|3236|3235|3234|3233|3228|3227|3225|3224|3223|2753|2752|2751|2750|2749|2748|2735|2734|2733|2732|2731|2730|2004|2003|2002|2001|2000|1994|1993|1986|1985|1984|1983|1982|1981|1976|1975|1974|1973|1972|1970|1965|1964|1963|1962|1961|1960|1959|1958|1957|1956|1951|1950|1949|1948|1947|1946|1945|1944|1939|1938|1937|1936|1935|1934|1933|1927|1926|1848|1847|1846|1845|1844|1843|1800|1799|1798|1797|1796|1795|1794|1793|1788|1787|1786|1785|1784|1783|1782|1777|1776|1775|1774|1773|1772|1771|1770|1765|1763|1762|1761|1760|1754|1753|1910|1909|2741|2723|1995|1928|1755
147	巴蜀风云·团队传说	3414|3413|3412|3411|3410|3409|3324|3284|3283|3282|3281|3280|3279|3278|3277|3276|3275|3256|3255|3254|3253|3252|3251|3248|3247|3246|3245|3244|3243|3242|3241|3218|3217|3216|3214|3213|3212|3209|3208|3207|3203|3202|3201|3179|3112|3111|3109|3108|3107|3106|3105|3104|3103|3102|3101|3094|3093|3092|3091|3090|3089|3088|3087|3086|3085|3084|3083|3082|3081|3080|3075|3073|3072|3070|3069|3064|3062|3061|3060|3059|3058|3057|3056|3055|3054|3053|2997|2996|2995|2994|2993|2992|2990|2989|2988|2987|2986|2985|2984|2983|2982|2973|2972|2971|2970|2969|2968|2966|2965|2964|2963|2962|2961|2960|2959|2958|2869|2868|2867|2866|2865|2864|2863|2862|2861|2860|2859|2779|2778|2777|2776|2688|2687|2686|2685|2684|2683|2565|2564|2563|2562|2561|2560|2559|2558|2557|2556|2555|2554|2552|2551|2550|2548|2547|2546|2545|2544|2543|2542|2525|2524|2523|2522|2521|2520|2519|2518|2517|2516|2515|2514|2511|2510|2509|2507|2506|2505|2504|2503|2502|2501|2423|2422|2421|2420|2419|2418|2417|2416|2415|2414|2413|2412|2410|2409|2408|2407|2406|2405|2404|2403|2402|2401|2400|2399|2398|2381|2380|2379|2378|2377|2376|2375|2374|2373|2372|2371|2370|2369|2368|2367|2366|2365|2364|2363|2362|2361|2360|2359|2324|2323|2322|2320|2319|2318|2316|2315|2314|2070|2069|2068|2066|2065|2064|2063|2062|2061|2060|2059|2058|2057|2056|2055|2047|2046|2045|2044|2043|2042|2041|2040|2039|2038|2037|2036|2034|2033|2032|2031|2030|2029|2028|2027|2026|2025|2024|2023|2022|1971|211|143|3076|3113|3065|3210|3204|3110|3095|3063|2067|2471|1911
148	安史之乱·五人秘境	3934|4060|4204|4347|4352|3566|3562|3558|3554|3550|3399|3394|3929|4056|4200|4343|4348|4632|4636
149	安史之乱·团队秘境	3955|3956|3957|3958|3959|3960|3961|3962|3963|3964|3965|3966|3967|3968|3969|3970|3971|3972|4083|4084|4085|4086|4087|4088|4089|4090|4091|4092|4093|4094|4095|4096|4097|4098|4099|4100|4371|4372|4373|4374|4375|4376|4377|4378|4379|4380|4381|4382|4383|4384|4521|4522|4523|4524|4525|4526|4527|4528|4529|4530|4531|4532|4533|4534|3603|3596|3589|3582|3576|3570|3935|3945|4061|4066|4072|4077|4353|4357|4362|4366|4503|4507|4512|4516
150	安史之乱·五人传说	3652|3651|3650|3649|3648|3647|3646|3645|3644|3643|3642|3641|3640|3639|3638|3637|3636|3635|3634|3633|3632|3631|3630|3629|3628|3627|3626|3625|3407|3406|3405|3404|3403|3398|3973|3974|3975|3976|3977|3978|4101|4102|4103|4104|4105|4205|4206|4207|4208|4209|4386|4387|4388|4389|4390|4391|4392|4393|4476|4622|4623|4624|4625|4626|4627|4628|4629|4630|4631
151	安史之乱·团队传说	3754|3753|3752|3751|3724|3723|3722|3721|3720|3719|3718|3717|3716|3715|3714|3713|3712|3711|3710|3709|3708|3707|3706|3705|3704|3703|3702|3701|3700|3699|3698|3697|3696|3695|3694|3693|3692|3691|3690|3689|3688|3687|3686|3685|3684|3683|3682|3681|3680|3679|3678|3677|3676|3675|3674|3673|3672|3671|3670|3669|3668|3667|3666|3665|3664|3663|3662|3661|3660|3659|3658|3657|3656|3655|3654|3653|3979|3980|3981|3982|3983|3984|3985|3986|3987|3988|3989|3990|3991|3992|3993|3994|3995|3996|3997|3998|3999|4000|4001|4002|4003|4004|4005|4006|4007|4008|4009|4010|4011|4012|4013|4014|4015|4016|4017|4019|4020|4106|4107|4108|4109|4110|4111|4112|4124|4125|4126|4127|4128|4134|4135|4136|4137|4138|4139|4140|4141|4142|4143|4144|4145|4146|4147|4148|4149|4150|4160|4161|4162|4163|4164|4165|4166|4168|4394|4395|4396|4397|4398|4399|4400|4401|4402|4403|4404|4405|4406|4407|4408|4409|4410|4411|4412|4413|4414|4415|4416|4417|4418|4419|4420|4421|4536|4537|4538|4539|4540|4541|4542|4543|4544|4545|4546|4547|4548|4549|4550|4551|4552|4553|4555|4556|4557|4558|4559|4560|4561|4562|4563|4113|4129|4151
152	剑胆琴心·五人秘境	4697|4698|4699|4700|4701|5364|5366|5612|5613|5749|5750|5853|5854|5964|5965|4660|4664|4668|4672|4676|4680|4684|4688|4692|4696|5362|5363|5603|5607|5611|5731|5732|5851|5852|5961|5962
153	剑胆琴心·五人传说	4702|4703|4704|4705|4706|4707|4708|4709|4710|4711|4712|4713|4714|4715|4716|4717|4718|4719|4720|4721|4722|4723|4724|4725|4726|4727|4728|4729|4730|4731|4732|4733|4734|4735|4736|4737|5345|5347|5349|5350|5351|5352|5353|5354|5355|5614|5615|5616|5617|5618|5619|5620|5621|5622|5764|5765|5766|5767|5768|5769|5770|5782|5783|5784|5785|5786|5787|5788|5789|5855|5856|5857|5858|5859|5860|5861|5862|5970|5971|5972|5973|5974|5975|5976|5977|5763|5781
154	剑胆琴心·团队秘境	4774|4775|4776|4777|4778|4779|4780|4781|4782|4783|4784|4785|4786|4787|4788|4789|4790|4791|4792|4793|4794|4795|4796|4797|4798|4799|4800|4801|4921|4922|4923|4924|5514|5515|5516|5517|5518|5519|5520|5521|5522|5523|5524|5525|5526|5527|5528|5529|5733|5734|5735|5736|5737|5738|5739|5740|5741|5742|5743|5744|5745|5746|5747|5748|5880|5881|5882|5883|5884|5885|5886|5887|5898|5899|5900|5901|5902|5903|5904|5905|6136|6137|6138|6139|6140|6147|6148|6149|6150|6151|6234|6235|6236|6240|6241|6242|4741|4745|4749|4753|4758|4763|4768|4773|5510|5511|5512|5513|5727|5728|5729|5730|5878|5879|5896|5897|6135|6146|6233|6229
155	剑胆琴心·团队传说	4802|4803|4804|4805|4806|4807|4808|4809|4810|4811|4812|4813|4814|4815|4816|4817|4818|4819|4820|4821|4822|4823|4824|4825|4826|4827|4828|4829|4830|4831|4832|4833|4834|4835|4836|4837|4838|4839|4840|4841|4842|4843|4844|4845|4846|4847|4848|4849|4850|4851|4852|4853|4854|4855|4856|4857|4858|4859|4860|4861|4862|4863|4864|4865|4866|4867|4868|4869|4870|4871|4872|4873|4874|4875|4876|4877|4878|4879|4880|4881|4882|4883|4884|4885|4886|4887|5537|5538|5539|5540|5541|5542|5543|5544|5545|5546|5547|5549|5550|5551|5552|5553|5554|5555|5556|5557|5558|5559|5560|5561|5562|5563|5564|5565|5566|5567|5568|5569|5570|5571|5572|5573|5574|5751|5752|5753|5754|5755|5756|5757|5758|5759|5760|5761|5762|5771|5772|5773|5774|5775|5776|5777|5778|5779|5780|5809|5821|5822|5823|5824|5825|5826|5906|5907|5908|5909|5910|5911|5912|5913|5914|5915|5916|5917|5918|5919|5920|5921|5922|5923|5924|5925|5926|5927|5928|5929|5930|5931|5932|5933|5934|5935|5936|5937|5938|5939|5940|6152|6153|6154|6155|6156|6157|6158|6159|6160|6161|6162|6163|6164|6165|6166|6167|6168|6169|6170|6171|6172|6173|6174|6175|6176|6177|6178|6179|6180|6199|6200|6201|6202|6203|6223|6224|6225|6226|6227|6243|6244|6245|6246|6247|6248|6249|6250|6251|6252|6253|6254|6255|6256|6257|6258|6259|6260|6261|6262|6263|6264|6265|6266|6272|5053|5054|5536|6204
156	帮会贡献	1699|1704|1705|1706|1707|543|544|545
157	帮会基础	1681|1693|836|837|838|2896|2897|2898|5169|5171|1682
158	帮会钓鱼	1583|1643|1669|1675|1588|1595|1603|1616
159	帮会菜园	1636|1637|1642|2623|1584|1638|1678|2624
160	帮会食堂	1646|1658|1650|1661|1649
161	阵营威望	840|841|549|550|551
162	阵营击伤	552|5172|5173|5174|5175|6759|6761
163	浩气盟首领	561|842|844|845|846|847|9481|9482|9483|9484|9485|9486|9487
164	恶人谷首领	562|848|850|853|854|1093|9488|9489|9490|9491|9492|9493|9494
165	战阶称号	1456|1459|1462|1465|1468|1471|1474|1477|1480|1483|1486|1489|1492|1495
171	元旦	2889|2890|2895|2891
172	春节	1571|1576|1243|1245|1252|1246|1247|2899|2900|2901|3391|4037|4490|5275|5692|6024|6842|7483|1575|1248|1254|1244|9088|9095|9096|9097|1242|4036|12627
173	元宵节	4041|4042|4043|4044|5704|4038
174	花朝节	3416|3417|3418|5327|6048|6049
175	清明节	1737|1738|1739|1740|6050|1727|7501|9354|11567
176	端午节	1381|1390|1391|1392|4581|4582|5344|5830|5831|5832|6206|1369|1376|1386|2465
177	七夕	1394|1412|2588|2589|2591|2592|2593|2594|2595|4647
178	中秋节	1434|1435|598|599|600|596|595|601|1060|1061|1062|2629|2650|2651|2652|2653|2654|597|2605|2631|2644
179	冬至节	1539|1199|1200|1201|1202|1203|2887|2888|3389|4035|4486|5228|5686|6822|7438|7479|7480|7481|1516|1171|1180|1186|9067|9068|9078|9079|9080|9081|9082|9083|9084|9760|9761|9762|10815|10817|10821|10823|11321|11401|11402|11403|11404|12029|12034|1204|12577
180	重阳节	4296|4297|4298|4299
181	中元节	5867
182	美人图	2656|2657|2659|2912|2661|3331|3784|4478|4956|5575|6770|7437|8996|9538|10564|11271|11840
184	茶馆任务	2816|2833|2834|2835|3779|3780|3781|3782|3783|5157|5158|5159|5160|5161|5162|5163|5164|6791|6792|6793|6794|6795|6796|9006|9007|9008|2804|2810|2818|2836|2842|3763|3805|10667|10668|10669|11999|12000
185	美人图潜入	2802|2803|2782|2794|2795|2796|2798|2799|2783
187	游历瞿塘采仙草	496|492|164|163|162|161|158|157|156|148|3006
188	重归师门	147|138|140
190	试炼之地	494|493|501|500|499|497|498|495|3143|3144|3145|3146|3147|3148|3149|3150|3151
191	门派事件	5233|5234|5239|5240|5245|5246|5251|5252|5257|5258|5287|5292|5293|5311|5312|5317|5318|5323|5324|5684|5685|5201|5214|5226|5232|5238|5241|5247|5253|5259|5263|5270|5278|5282|5288|5307|5313|5319|5680
193	寻龙勘脉窥天机	4640|4642
194	阴山大草原事件	5129|5130|5131|5132|5133|5134|5135|5136|5137|5138|5155|5156
195	千岛湖事件	5139|5140|5141|5142|5143
196	五台山事件	5144|5145|5146|5147|5148
197	黑戈壁事件	5149|5150|5151|5152|5153|5154
198	洛阳·神兵迷踪	5331|5332|5333|5334|5335
199	梦回稻香	5449|5843|5844|5450|5451|5452|5453|5454|5455|5456|5457|5458|5459|5460|5461|5462|5463|5464|5465|5466|5467|5468|5469|6276|6277|5470
200	洛阳城事件	5638|5639|5640|5641|5642
201	第一幕	3008
202	第二幕	3024|3025|3026|3027|3028|3029|3030|3031|3321|3725|4422|5046|5580|6535|7233|8650|9459|10411|11227|11881
203	第三幕	3009|3010|3023
204	第四幕	3013|3011
205	第五幕	3032|3012
206	第六幕	3033|3014
208	第七幕	3041|3042
209	第八幕	3016|3043
210	第九幕	3017
212	第十幕	3728|3729|3727
213	第十一幕	3730|3731
215	第十二幕	5051|5048
216	第十三幕	5049|5050
218	阅历	4940|4941|4942|4943|4944|4945|4946|4947|4948|4949|4950|4951
219	金钱	864|870|871|873|872
220	师徒	1105|1104|1106
221	气海丹田	634
223	技艺基础	889
226	任务基础	898|225|2852
227	行走江湖	867
228	行侠仗义	897
229	切磋比武	899
230	洛阳擂台	868|900
231	扬州擂台	902|901
232	云湖天池	906|905
233	神农洇	908|907
234	门派声望	696|3732|623|624|625|626|627|2464|2761|3307|4431|5052|5582|6693|7473|9054|9477|10414|11231|11884
235	城市声望	632|631|630
236	势力声望	622|910|911|912|913|914
237	阵营声望	629|628
238	风起稻香·五人秘境	1433|1351|916|915|621|620|619|618|617|616|615|614|611|610|609|607|606|605|604|603
239	风起稻香·团队秘境	1559|1558|1557|1556|1546|1454|1451|1447|1443|1439|1410|1403|1288|1287|1286|1285|1284|1279|919|918|612
240	巴蜀风云·五人秘境	3309|3308|2717|2716|1992|1916|1915|1914|1913|1912|1849|1806|1805|1804|1803
241	巴蜀风云·团队秘境	3415|3315|3314|3313|3312|3311|3310|3115|3114|3097|3096|3074|3066|3004|3003|3002|3001|3000|2999|2998|2871|2870|2690|2689|2587|2586|2585|2583|2582|2581|2580|2579|2578|2577|2576|2575|2574|2572|2571|2570|2569|2568|2567|2566|2463|2462|2461|2459|2458|2457|2456|2455|2454|2453|2452|2451|2450|2449|2448|2447|2446|2424|2048|2020
242	安史之乱·五人秘境	3737|3736|3735|3734|3733|3393|3392|4021|4169|4210|4432|4433|4643|4644
243	安史之乱·团队秘境	3750|3749|3748|3747|3746|3745|3744|3743|3742|3741|3740|3739|3738|4022|4023|4024|4025|4026|4027|4028|4029|4030|4031|4170|4171|4172|4173|4174|4175|4176|4177|4178|4179|4180|4434|4435|4436|4437|4438|4439|4440|4441|4442|4566|4567|4568|4569|4570|4571|4572|4573|4574
244	剑胆琴心·五人秘境	4889|4890|4891|4892|4893|4894|4895|4896|4897|4898|5365|5367|5623|5624|5625|5790|5791|5868|5869|5979|5980
245	剑胆琴心·团队秘境	4899|4900|4901|4902|4903|4904|4905|4906|4907|4908|4909|4910|4911|4912|4913|4914|4915|4916|4925|4926|5583|5584|5585|5586|5587|5588|5589|5590|5591|5592|5792|5793|5794|5795|5796|5797|5798|5799|5800|5801|5941|5942|5943|5944|5945|5946|5947|5948|5949|5950|6181|6182|6183|6184|6185|6186|6267|6268|6269|6270
246	装备品质	885|886|887|888
247	阵营击伤	633|866|869
248	浩气盟首领	920
249	恶人谷首领	921
255	名士五十强	1088
256	老江湖五十强	1089
257	兵甲藏家五十强	1090
258	名师五十强	1164
259	阵营英雄五十强	1212
260	薪火相传五十强	3005
261	神兵宝甲五十强	1086
262	爱心帮会五十强	1217
264	神兵宝甲五十强	1211
265	爱心帮会五十强	1210
268	名剑大会2对2排名	2848
269	名剑大会3对3排名	2849
270	名剑大会5对5排名	2850
271	少林	3124
272	万花	3125
273	天策	3126
274	纯阳	3127
275	七秀	3128
276	五毒	3129
277	唐门	3130
278	藏剑	3131
279	明教	3327
280	丐帮	3803
281	苍云	4447
282	长歌	4972
283	霸刀	5626
310	艺人	5371
311	镖师	5372
312	绿林	5373
313	驭兽师	5374
314	方士	5471
315	大师赛排行榜	5820
316	绝境	5998|6006|6007|5999|6000|6008|6009|6003|6004|6005|12300|12302|12303|12304|12305|12306|12307
317	腊八节	6021|6022|6023
319	儿童节	6194|6195|6196
320	李渡鬼域	6209|6207|6210|6211|6212|6213|6214|6215|6216|6217
322	世外蓬莱·五人秘境	6287|6307|6329|6351|6368|6873|6886|7420|6282|6286|6298|6306|6315|6328|6342|6350|6359|6367|6872|6885|7415|7419
323	世外蓬莱·五人传说	6279|6288|6289|6290|6291|6292|6293|6294|6299|6300|6301|6302|6308|6309|6310|6311|6316|6317|6318|6319|6320|6321|6322|6323|6324|6330|6331|6332|6333|6334|6335|6336|6337|6338|6343|6344|6345|6346|6352|6353|6354|6355|6360|6361|6362|6363|6369|6370|6371|6372|6812|6813|6814|6815|6874|6875|6876|6880|6881|6887|6888|6889|6890|6891|7421|7422|7423|7424|7425|7426|7427|7428|8520
324	世外蓬莱·五人秘境	6373|6374|6375|6376|6377|6378|6379|6380|6381|6382|6892|6893|7429|7430
325	侠客岛任务	6388|6678|6679|6680|6681|6682
326	蓬莱任务	6389|6544|6545|6546|6547|6548
327	经首道源任务	6390|6551|6552|6553|6554|6555
328	洞天福地任务	6391|6703|6704|6705|6706|6707
329	龙泉府任务	6392|6721|6722|6723|6724
330	世外蓬莱·团队秘境	7038|6403|6404|6405|6406|6407|6570|6571|6572|6573|6574|6626|6627|6628|6629|6630|6727|6736|6748|6901|6902|6903|6904|6905|6906|6944|6945|6946|6947|6948|6949|6993|6994|6995|6996|6997|6998|7047|7057|7316|7317|7318|7319|7320|7321|7399|7400|7401|7402|7403|7404|7406|7407|7408|7409|7410|7411|7509|7510|7511|7512|7513|7520|7521|7522|7523|7524|7531|7532|7533|7534|7535|7931|7932|6402|6569|6625|6726|6735|6747|6900|6943|6992|7037|7046|7056|7315|7398|7405|7508|7519|7530
331	世外蓬莱·团队传说	6397|6408|6409|6410|6411|6412|6413|6414|6415|6416|6417|6418|6419|6420|6421|6436|6437|6438|6439|6440|6575|6576|6577|6578|6579|6580|6581|6582|6583|6584|6585|6586|6587|6588|6589|6590|6591|6592|6593|6608|6609|6610|6611|6612|6613|6614|6631|6632|6633|6634|6635|6636|6637|6638|6639|6640|6641|6642|6643|6644|6645|6646|6647|6648|6649|6664|6665|6666|6667|6668|6669|6670|6728|6729|6730|6731|6732|6737|6738|6739|6740|6741|6742|6743|6744|6749|6750|6751|6752|6753|6754|6755|6756|6757|6781|6907|6908|6909|6910|6911|6912|6913|6914|6915|6916|6917|6918|6919|6920|6921|6922|6923|6924|6925|6926|6927|6928|6929|6930|6931|6932|6933|6934|6935|6950|6951|6952|6953|6954|6955|6956|6957|6958|6959|6960|6961|6962|6963|6964|6965|6966|6967|6968|6969|6970|6971|6972|6973|6974|6975|6976|6977|6978|6979|6999|7000|7001|7002|7003|7004|7005|7006|7007|7008|7009|7010|7011|7012|7013|7014|7015|7016|7017|7018|7019|7020|7021|7022|7023|7024|7025|7026|7027|7028|7029|7039|7040|7041|7042|7043|7048|7049|7050|7051|7052|7053|7058|7059|7060|7061|7062|7063|7064|7322|7323|7324|7325|7326|7327|7328|7329|7330|7331|7332|7333|7334|7335|7336|7337|7338|7339|7340|7341|7342|7343|7344|7345|7346|7347|7348|7349|7350|7351|7352|7353|7354|7355|7356|7357|7358|7359|7360|7362|7363|7364|7365|7366|7367|7368|7369|7370|7371|7372|7373|7374|7375|7376|7377|7378|7379|7380|7381|7382|7383|7384|7385|7386|7387|7388|7389|7390|7391|7392|7393|7394|7395|7396|7397|7536|7537|7538|7539|7540|7541|7542|7543|7544|7545|7546|7547|7548|7549|7550|7551|7552|7553|7554|7555|7556|7557|7558|7559|7561|7562|7563|7564|7565|7566|7567|7568|7569|7570|7571|7572|7573|7574|7575|7576|7577|7578|7579|7580|7581|7582|7583|7584|7585|7586|7587|7588|7589|7602|7603|7604|7605|7606|7607|7608|6422|7834
332	世外蓬莱·团队秘境	6441|6615|6616|6617|6618|6619|6671|6672|6673|6674|6675|6733|6745|6758|6936|6981|6982|6983|6984|6985|7031|7032|7033|7034|7035|7044|7054|7065|7294|7295|7296|7297|7298|7299|7300|7301|7302|7303|7304|7305|7306|7590|7591|7592|7593|7594|7595|7596|7597|7598|7599|7600|7929|7930
334	龙泉府事件	6537|6538|6539|6540|6541
335	洞天福地岛事件	6708|6709|6710|6711|6712
336	第十四幕	6713|6714
337	第十五幕	6715|6716
338	经首道源岛事件	6762|6763|6764|6765
339	蓬莱招式	6797|6798|6799|6800|6801|6802
340	蓬莱	6823
341	侠客岛事件	6831|6832|6833
342	侠肝义胆	6835|6836|6837|6838|6839|6840|6834
343	鲲鹏岛任务	7068|7069|7086
344	第十六幕	7072|7248
345	飞火论锋	7087|7088|7089|7090|7091|7092
346	列星虚境	7111|7114|7117|7120|7123|7124|7125|7126|7127|7128
347	浪客行	7146|7147|7148|7149|7150|7151|7152|7153|7495|9364|9365|9366
351	凌雪阁	7221
352	凌雪阁任务	7223|7224|7225|7226|7227|7228|7229
353	蔷薇列岛任务	7244|7250|7251|7252|7253|7254|7255|7257
354	凌雪阁招式	7280|7281|7282|7283|7284|7285
355	家园总览	7621|7622|7623|7624|7625|7626|7627|7628|7629|7630|7631|7632|7633|7634|7635|8988|9765|9766|9767|9768|9769|9770|9771|9772
356	家园生活	7620|7637|7638|7639|7640|7643|7644|7645|7646|7647|7648|7649|7650|7651|7652|7653|7654|7655|7666|7667|7670|7671|7680|7681|7709|7710|7857|7657|7656|8462|11436|11437|11438|11439|11440
357	技艺梓匠	7814|7815|7816|7817|7818|7819|7820|7822|7823|7824|7825|7826|7827|7828|7829|7830|7831|7832|8832|10616|10638|11405|11848
358	麻将	7892|7895|7898|7899|7900|7901|7902|7903|7904|7905|7906|7907|7908|7909|7910|7911|7912
359	安史之乱！套书	8460|7915|7916|7917|7918|7919|7920|7921|7922|7923|7924|7925|7926|7933|7934|7935|7936|7937|7938|7940|7941|7942|7943
360	剑胆琴心！套书	7945|8461|7946|7947|7948|7949|7950|7951|7952|7953|7954|7955|7956|7957|7958|7959|7960|7961|7962|7963|7964|7965|7966|7967|7968|7969|7970|7971|7972|7973|7974|7975|7976|7980|7981|7982|7983|7984|7985|7986|7987
361	镜花别院	8483|8484|8485|8486|8487
362	奉天证道·五人秘境	8780|8781|8782|8783|8784|8785|8786|8787|8788|8789|8501|8505|8509|8513|8517|8763|8767|8771|8775|8779|9286|9290|9294|9295|9653|9657|9661|9662
363	衍天宗	8518
364	奉天证道·团队秘境	8529|8530|8531|8532|8533|8534|8542|8543|8544|8545|8546|8547|8555|8556|8557|8558|8559|8560|8528|8541|8554|9157|9165|9173|9181|9182|9183|9184|9185|9186|9187|9188|9189|9190|9191|9192|9193|9194|9195|9196|9197|9198|9199|9200|9201|9545|9546|9547|9548|9549|9550|9551|9558|9559|9560|9561|9562|9563|9564|9571|9572|9573|9574|9575|9576|9577|10045|10046|10047|10048|10049|10050|10066|10067|10068|10069|10070|10071|10089|10090|10091|10092|10093|10094
365	奉天证道·团队传说	8522|8561|8562|8563|8564|8565|8566|8567|8568|8569|8571|8572|8573|8575|8576|8577|8578|8579|8580|8581|8582|8583|8584|8585|8586|8587|8588|8589|8590|8592|8593|8594|8595|8596|8597|8598|8599|8600|8601|8602|8603|8604|8605|8606|8607|8608|8609|8610|8611|8612|8613|8614|8615|8616|8637|8942|8642|9061|9217|9218|9219|9220|9221|9222|9223|9224|9225|9226|9227|9228|9229|9230|9231|9232|9233|9234|9235|9236|9237|9238|9239|9240|9241|9242|9243|9244|9245|9246|9247|9248|9249|9250|9251|9252|9253|9254|9255|9256|9257|9258|9259|9260|9261|9262|9263|9264|9265|9266|9267|9268|9269|9270|9271|9272|9273|9274|9275|9276|9277|9278|9279|9280|9281|9282|9283|9405|9578|9579|9580|9581|9582|9583|9584|9585|9586|9587|9588|9589|9590|9591|9594|9595|9596|9597|9598|9599|9600|9601|9602|9603|9604|9605|9606|9607|9608|9609|9610|9611|9612|9613|9614|9615|9616|9617|9618|9619|9620|9621|9622|9623|9624|9625|9626|9627|9628|9629|9630|9631|9632|9633|9634|9673|9674|9675|9676|10052|10053|10054|10055|10056|10057|10058|10059|10060|10072|10073|10074|10075|10076|10077|10078|10079|10080|10081|10082|10083|10095|10096|10097|10098|10099|10100|10101|10102|10103|10104|10105|10106|10107|10108|10109|10110|10111|10112|10124|10125|10126|10127|10128|10129|10152|10153
366	奉天证道·五人传说	8643|8717|8718|8719|8720|8721|8722|8723|8724|8725|8726|8727|8728|8729|8730|8731|8732|8733|8734|8735|8736|8737|8738|8739|8740|8741|8742|8743|8744|8745|8746|8747|8748|8749|8750|8751|8752|8753|8754|8755|8756|8757|8758|8759|9011|9296|9297|9298|9299|9300|9301|9302|9303|9663|9664|9665|9666|9667|9668|9669|9670
367	衍天宗任务	8644|8645|8646|8647|8648|8649|8656
368	万花·乱世任务	8665|8666|8667|8668|8669|8670
369	七秀·乱世任务	8675|8676|8677|8678|8679|8680|8681
370	少林·乱世任务	8689|8690|8691|8692|8693|8800
371	第十七幕	8697|8700
372	第十八幕	8698|8699
373	藏剑·乱世任务	8702|8706|8707|8708|8709|8710|8711|8712|8713
374	奉天证道·五人秘境	8801|8803|8804|8805|8806|8807|8808|8809|8810|8811|9284|9285|9671|9672
375	奉天证道·团队秘境	8802|8812|8813|8814|8815|8816|8817|8818|8819|8820|8821|8822|8823|9202|9203|9204|9205|9206|9207|9208|9209|9210|9211|9212|9213|9214|9215|9216|9640|9641|9642|9643|9644|9645|9646|9647|9648|9649|9650|9651|9652|10113|10114|10115|10116|10117|10118|10119|10120|10121|10122|10123
376	世外蓬莱！套书	8852|8824|8844|8845|8846|8847|8841|8842|8843|8848|8849|8850|8851
377	奉天证道！套书	8855|8853|8854|8856|8857|8858|8859|8860|10510|10537|10541|10558|10692|10699|10707|10714|10721|10722
378	驰援任务	9020
379	衍天宗招式	9034|9035|9036|9037|9038|9039
385	庐园广记	9308|9309|9310|9311|9312|9313|9314|9315|9316|9317|9318|9319|9320|9321|9322|9323|9324|9325|9326|9327|9328|9329|9330|9331|9332|9333|9334|9335|9336|9337|9338|9339|9340|9341|9342|9343|9344|9345|9346|9347|9348|9349|9350|9351|9359|9360|9361|9362|9379|9380|9381|9382|9383|9384|9385|9386|9387|9388|9389|9390|9391|9392|9393|9394|9395|9396|9397|9398|9399|9400|9401|9402|9403|9404|9406|9444|9445|9446|9447|9692|9693|9694|9695|9696|9697|9698|9699|9700|9701|9702|9703|9704|9705|9706|9707|9708|9709|9710|9711|9712|9713|10191|10192|10193|10194|10195|10196|10197|10198|10199|10200|10201|10202|10203|10204|10205|10206|10207|10208|10780|10781|10782|10783|10784|10785|10786|10787|10788|10789|10790|10791|10792|10793|10794|10795|10796|10797|10798|10799|10800|10801|10802|11029|11030|11031|11032|11033|11034|11035|11036|11037|11038|11039|11040|11041|11042|11043|11044|11375|11376|11377|11378|11379|11380|11381|11382|11383|11384|11385|11386|11387|11388|11389|11390|11391|11392|11393|11394|11395|11396|11397|11398|11399|11400|11609|11610|11611|11612|11613|11614|11615|11616|11617|11618|11619|11620|11638|11639|11640|12035|12036|12037|12038|12039|12040|12041|12042|12043|12044|12045|12046|12047|12048|12049|12050|12051|12052|12053|12054|12055|12108|12264|12265|12266|12267|12268|12269|12270|12271|12272|12273|12274|12275|12276|12277|12278|12578|12579|12580|12581|12582|12583|12584|12585|12586|12587|12588|12589|12590|12591|12592|12593|12594|12595|12596|12597|12598|12599|12600|12601|12602|12603|12604|12605|12609|12806|12807|12808|12809|12810|12811|12812|12813|12814|12815|12816|12817|12818|12819|12820|12821|12822
386	赤岬山城任务	9408
387	斗地主	9416|9421|9425|9426|9427|9428|9429|9430|9431|9432|9433|9434|9435
388	北天药宗任务	9463|9464|9465|9466|9467|9468|9469
389	药宗	9478
390	庐园广记一百强	9479
392	第十九幕	9497
393	黑山林海任务	9500|9501|9502|9504|9505|9506|9507|9508|9514|9515|9516|9527|9716
394	北天药宗招式	9717|9718|9719|9720|9721|9722
395	苗疆经略纪	9726|9727|9728|9729|9730
396	结庐江湖	9734|9735|9736|9737|9738|9739|9740|9741|9745|9746|9747|9748|9749|9750|9751|9752|9753|9754|9742|9755
397	垂钓客	9778|9779|9780|9781|9782|9783|9784|9785|9787|9788|9789|9790|9791|9795|9799|10001|10002|11406|11407|11408|11409|11410|11411|11413|11414|11415|11628|12291|12292|12611
398	曼舞	10130|10131|10132|10133|10134|10135|10136|10137|10837|10838|10839|10840
399	河阳任务	10151
401	红尘侠影	10221|10222|10223|10224|10225|10226|10227|10228|10229|10230|10231|10232|10233|10234|10235|10236|10237|10238|10239|10240|10241|10242|10243|10244|10245|10246|10247|10248|10249|10250|10251|10252|10253|10254|10255|10256|10257|10258|10259|10260|10261|10262|10263|10264|10265|10274|10275|10276|10277|10278|10279|10280|10281|10282|10284|10286|10287|10289|10841|10842|10843|10844|10845|10846|10849|10850|10983|10984|10985|10986|10987|10988|10989|10990|11068|11069|11070|11071|11072|11073|11074|11075|11219|11220|11221|11222|11446|11447|11448|11449|11450|11451|11452|11453|12017|12018|12019|12020|12057|12058|12059|12060|12061|12109|12110|12534|12535|12536|12537|12538|12540|12541|12542|12628|12629|12798|12799|12800|12801|12802|12803|12804|12805
402	刀宗	10295
404	横刀断浪·五人秘境	10306|10337|10468|10469|10488|10489|10508|10509|10971|10972|11091|11092
405	横刀断浪·团队秘境	10307|10338|10339|10340|10341|10342|10343|10344|10345|10346|10347|10348|10349|10853|10941|10942|10943|10944|10945|10946|10947|10948|10949|10950|10951|10952|11093|11094|11095|11096|11097|11098|11099|11100|11101|11102|11103|11104|11105|11511|11512|11513|11514|11515|11516|11517|11518|11519|11520|11521
406	横刀断浪·五人秘境	10323|10327|10328|10329|10453|10457|10458|10459|10473|10477|10478|10479|10493|10497|10498|10499|10953|10957|10961|10962|11112|11113|11114|11115
407	横刀断浪·五人传说	10309|10330|10331|10332|10333|10334|10335|10336|10460|10461|10462|10463|10464|10465|10466|10467|10480|10481|10482|10483|10484|10485|10486|10487|10500|10501|10502|10503|10504|10505|10506|10507|10963|10964|10966|10967|10968|10969|10970|11017|10965|11155|11156|11157|11158|11159|11160|11161
408	横刀断浪·团队秘境	10310|10350|10351|10352|10353|10354|10355|10362|10363|10364|10365|10366|10367|10368|10375|10376|10377|10378|10379|10380|10381|10851|10861|10862|10863|10864|10865|10866|10877|10884|10885|10886|10887|10888|10889|10906|10913|10914|10915|10916|10917|10918|11122|11123|11124|11125|11126|11127|11128|11135|11136|11137|11138|11139|11140|11141|11148|11149|11150|11151|11152|11153|11154|11483|11484|11485|11486|11487|11488|11494|11495|11496|11497|11498|11499|11505|11506|11507|11508|11509|11510
409	横刀断浪·团队传说	10311|10569|10570|10571|10572|10573|10574|10575|10576|10577|10578|10579|10580|10581|10582|10583|10584|10585|10586|10587|10588|10589|10590|10591|10592|10593|10594|10595|10599|10600|10601|10602|10603|10604|10605|10606|10607|10608|10867|10868|10869|10870|10871|10872|10873|10874|10875|10876|10890|10891|10892|10893|10894|10895|10896|10897|10898|10899|10900|10901|10902|10903|10904|10905|10919|10920|10921|10922|10923|10924|10925|10926|10927|10928|10929|10930|10931|10932|10933|10934|10935|10936|10937|10938|10939|10940|11162|11163|11165|11166|11167|11168|11169|11171|11172|11173|11174|11175|11176|11177|11178|11179|11180|11181|11182|11183|11184|11185|11186|11187|11188|11189|11190|11191|11192|11193|11194|11195|11196|11197|11198|11199|11200|11201|11202|11203|11204|11205|11206|11207|11208|11209|11215|11216|11217|11319|11527|11528|11529|11530|11531|11532|11533|11534|11535|11536|11537|11538|11539|11540|11541|11542|11543|11544|11545|11546|11547|11548|11549|11550|11551|11552|11553|11554|11555|11556|11557|11558|11559|11560|11561|11562|11563
411	刀宗任务	10387|10395|10396|10397|10398|10402|10403
412	百溪任务	10388|10418|10419|10420
413	烂柯山任务	10389|10423|10424|10425|10429|10826
414	楚州任务	10390|10391|10433|10434|10830|11016
415	晟江任务	10392|10437|10438|10439
416	名望	10443|10444|11000|11006|11223|11571|11944|12202|12448|12745
417	横刀断浪	10447|10448|10449|10450|11255
418	横刀断浪！套书	10515|10519|10527|10532|10547|10553|11310|11315|11936
419	千里伐逐	10658|10659|10660|10661|10662|10663|10664
420	刀宗招式	10675|10676|10677|10678|10679|10680
421	百战异闻录	10724|10726|10728|10730|10731|10732|10733|10734|10735|10736|10737|10738|10739|10740|10741|10742|10743|10744|10745|10746|10747|10748|10749|10750|10751|10752|10753|10754|10755|10756|10757|10758|10759|10760|10761|10762|10763|10764|10765|10766|10767|10768|10769|10770|10771|10772|10854|11046|11047|11048|11049|11050|11051|11052|11323|11324|11325|11326|11626|11627|12068|12074|12080|12086|12087|12088|12089|12094|12095|12096|12258|12259|12260|12574|12575|12576|12824
422	太原事件	4468|4469|4470
423	预热任务	10297|10298|10301|10852|11212|11526|11754|12111|12335
424	八荒衡鉴	9969|9971|9972|9973|9974|9975|9999|11065|11066|11067
425	十重·晦冥	11064
426	万灵	11079
427	万灵山庄任务	11241|11242|11243|11244|11245|11246|11247
428	银霜口任务	11256|11275|11280|11284|11285|11257|11258|11259|11260|11261|11266
429	万灵山庄招式	11286|11287|11288|11289|11290|11291
430	稻香村任务	11332|11333|11340|11345|11354|11365|11442
431	调香师	7658|7659|7660|7661|7662|7663|7664|7665|7889|8715|8716|10189|11416|11417|11418|11419|11420|11423|11636|12293|12294|12612
432	大掌柜	7682|7683|7684|7685|7686|7687|7688|7689|7692|7693|7698|7701|7704|7707|7708|7711|7713|7724|9409|11426|11427|11428|11429|11430|11433|11434|11435|11635|12295|12296|12610
433	宠物出行	7672|7674|7677|7678|7679|9046|9047|9048|9049|9050|9051|9052|9053|9055|9056|9057|9058|9059|9060|9117|9118|9119|9120|9121|9122|9123|9124|9125|9126|9127|9128|9129|9130|9131|9132|9133|9134|9135|9136|9137|9138|9139|9140|9141|10805|10806|10807|10808|10809|10810|11523|11524|11525|12787|12788|12789|12790|12791|12792|12793|12794|12795|12796|12797
434	家园管家	7851|7853|7854|7856|7858|7859|7860|7861|7862|7863|7864|7865|7866|7867|7868|7869|7870|7871|7872|9686|9687|9688|9689|9690|9691
435	丝路风语·五人秘境	11657|11661|11662|11663|11669|11673|11674|11675|11681|11685|11686|11687|11693|11697|11698|11699|12413|12414
436	丝路风语·五人秘境	11664|11665|11676|11677|11688|11689|11700|11701|12419
437	丝路风语·团队秘境	11708|11709|11710|11711|11712|11713|11714|11721|11722|11723|11724|11725|11726|11727|11734|11735|11736|11737|11738|11739|11740|12149|12150|12151|12152|12153|12154|12155|12162|12163|12164|12165|12166|12167|12168|12175|12176|12177|12178|12179|12180|12181|12195|12196|12197|12341|12357|12377|12342|12343|12344|12345|12346|12358|12359|12360|12361|12362|12378|12379|12380|12381|12382|12563|12564|12565|12645|12639|12663|12664|12665|12666|12667|12668|12669|12670|12671|12672|12684|12685|12686|12687|12688|12736|12737|12738
438	丝路风语·团队秘境	11741|11742|11743|11744|11745|11746|11747|11748|11749|11750|11751|11752|11753|12182|12183|12184|12185|12186|12187|12188|12189|12190|12191|12192|12193|12194|12198|12199|12399|12400|12401|12402|12403|12404|12405|12406|12407|12408|12409|12568|12569|12721|12722|12723|12724|12725|12726|12727|12728|12729|12730|12731|12732|12733
439	段氏	11760
440	丝路风语·五人传说	11761|11762|11763|11764|11765|11766|11767|11768|11769|11770|11771|11772|11773|11774|11775|11776|11777|11778|11779|11780|11781|11782|11783|11784|11785|11786|11787|11788|11789|11790|11791|11792|12415|12416|12417|12418
441	丝路风语·团队传说	11793|11794|11795|11796|11797|11798|11799|11800|11802|11803|11804|11805|11806|11807|11808|11809|11810|11811|11812|11813|11814|11815|11816|11817|11818|11819|11820|11821|11822|11823|11824|11825|11826|11827|11828|11829|11830|11831|11832|11833|11834|11835|12210|12211|12212|12213|12214|12215|12216|12217|12218|12219|12220|12221|12222|12223|12224|12225|12226|12227|12228|12229|12230|12231|12232|12233|12234|12235|12236|12237|12238|12239|12240|12241|12242|12243|12244|12245|12246|12247|12248|12249|12347|12348|12349|12350|12351|12363|12364|12365|12366|12367|12368|12369|12370|12371|12383|12384|12385|12386|12387|12388|12389|12390|12391|12392|12393|12394|12395|12396|12397|12398|12566|12567|12646|12647|12648|12649|12650|12651|12652|12653|12654|12655|12656|12657|12673|12674|12675|12676|12677|12678|12679|12680|12681|12682|12683|12689|12690|12691|12692|12693|12694|12695|12696|12697|12698|12699|12700|12701|12702|12703|12704|12705|12706|12707|12708|12709|12710|12711|12712|12713|12714|12715|12716|12717|12718|12719|12720|12739|12740|12741|12742
442	南诏段氏任务	11866|11867|11868|11869|11870|11871|11872
443	段氏招式	11886|11887|11888|11889|11890|11891
444	丝路风语！套书	11904|11908|11913|11919|11926|11935
445	丝路风语	11948|12203|12452|12746
446	河西瀚漠任务	11950|11955|11960|11964|11965|11966|11967|11974|11975|12002|12008|12009|12012|12013|12016|11968|12022|12023|12028
447	易筋经	12112
448	花间游	12113
449	傲血战意	12114
450	太虚剑意	12115
451	紫霞功	12116
452	冰心诀	12117
453	毒经	12118
454	惊羽诀	12119
455	天罗诡道	12120
456	问水诀	12121
457	笑尘诀	12122
458	焚影圣诀	12123
459	分山劲	12124
460	莫问	12125
461	北傲诀	12126
462	凌海诀	12127
463	隐龙诀	12128
464	太玄经	12129
465	无方	12130
466	孤锋诀	12131
467	山海心诀	12132
468	周天功	12133
469	皇城任务	12205|12206|12207
470	雪域关城	12279|12283|12284|12285|12286|12287|12288|12289
471	浩气盟排行榜	12298
472	恶人谷排行榜	12299
473	易筋经	12420
474	花间游	12421
475	离经易道	12422
476	傲血战意	12423
477	太虚剑意	12424
478	紫霞功	12425
479	冰心诀	12426
480	云裳心经	12427
481	毒经	12428
482	补天诀	12429
483	惊羽诀	12430
484	天罗诡道	12431
485	问水诀	12432
486	笑尘诀	12433
487	焚影圣诀	12434
488	分山劲	12435
489	莫问	12436
490	相知剑意	12437
491	北傲诀	12438
492	凌海诀	12439
493	隐龙诀	12440
494	太玄经	12441
495	无方	12442
496	灵素	12443
497	孤锋诀	12444
498	山海心诀	12445
499	周天功	12446
500	无相楼	12447
502	伊丽川任务	12488|12489|12490|12491|12492|12493|12494|12487|12460|12464|12468|12469|12470|12471|12472|12473|12474|12475|12476|12477|12478|12479|12480|12481|12482|12483|12484|12485|12532
503	永宁湾任务	12497|12498|12499|12500|12501|12502|12503
505	无相楼招式	12511|12512|12513|12514|12515|12516
506	阆风悬城	12747|12748
507	英雄志	12749
508	扬刀大会·影	12765|12767|12768|12769|12770|12771|12772|12773|12774|12775|12776|12777|12778
